window=0
1 -0.14652424435723596 0.13613517474870374 -0.18747290407480038 -0.19417736850580905 -0.3570217110235607 0.13949200469402603 -0.2942636248923437 -0.33806540236850374 -0.2639966281517926 
-0.14652424435723596 1 0.3495992139333033 -0.040006638133985646 -0.3988749165646322 -0.20933569314543532 -0.03693900352211728 -0.3054700279100019 0.3391022922331675 -0.16978177070218972 
0.13613517474870374 0.3495992139333033 1 0.05850728433953899 -0.7189173207530527 -0.3326293882518488 0.021962907324887367 -0.3759674458195046 0.2423877132307378 -0.23393575792239565 
-0.18747290407480038 -0.040006638133985646 0.05850728433953899 1 0.09631318107767921 0.07090663721594445 -0.020525234266924923 0.1531402876915641 0.13708446622438003 0.12908628355031151 
-0.19417736850580905 -0.3988749165646322 -0.7189173207530527 0.09631318107767921 1 0.43581401149421695 -0.11566147101696796 0.5235846681721807 -0.36259751109094496 0.30063450770207706 
-0.3570217110235607 -0.20933569314543532 -0.3326293882518488 0.07090663721594445 0.43581401149421695 1 -0.06054905786001947 0.6210525568423095 -0.2937747223288652 0.4721711729851624 
0.13949200469402603 -0.03693900352211728 0.021962907324887367 -0.020525234266924923 -0.11566147101696796 -0.06054905786001947 1 0.20794613930609498 0.003907280500163169 0.4210886717853276 
-0.2942636248923437 -0.3054700279100019 -0.3759674458195046 0.1531402876915641 0.5235846681721807 0.6210525568423095 0.20794613930609498 1 -0.3464277259601862 0.7717081169613552 
-0.33806540236850374 0.3391022922331675 0.2423877132307378 0.13708446622438003 -0.36259751109094496 -0.2937747223288652 0.003907280500163169 -0.3464277259601862 1 -0.2538697484969812 
-0.2639966281517926 -0.16978177070218972 -0.23393575792239565 0.12908628355031151 0.30063450770207706 0.4721711729851624 0.4210886717853276 0.7717081169613552 -0.2538697484969812 1 

window=1
1 0.31137585328391976 0.052674868396694045 0.02606867834257854 0.7992386814718274 -0.0013912427929302154 -0.41675623473229284 -0.5507513503939995 0.4530514886238477 0.07714073397612778 
0.31137585328391976 1 -0.06614871199113401 0.10628553708976521 0.09758684636028098 -0.0037980866881567156 -0.053527125572814145 -0.09842140643065447 0.13826264041880387 -0.034344536165892996 
0.052674868396694045 -0.06614871199113401 1 -0.02929786435372006 0.016511029434803374 -0.007097043824008176 -0.05295540221919776 0.010637431681406741 -0.021331364667000842 -0.018155830560020833 
0.02606867834257854 0.10628553708976521 -0.02929786435372006 1 -0.05601955289795466 0.029412088919921434 -0.021151741834858025 0.16758491315473492 -0.11191826479474368 -0.041037887961037155 
0.7992386814718274 0.09758684636028098 0.016511029434803374 -0.05601955289795466 1 -0.0035913104043277543 -0.32369703183384263 -0.7550756798777472 0.5282492476631063 0.2725655494352419 
-0.0013912427929302154 -0.0037980866881567156 -0.007097043824008176 0.029412088919921434 -0.0035913104043277543 1 -0.0014296599026830678 0.018940915545146927 -0.012844111625602487 0.00802805101749097 
-0.41675623473229284 -0.053527125572814145 -0.05295540221919776 -0.021151741834858025 -0.32369703183384263 -0.0014296599026830678 1 0.16466150350053477 -0.25533488108928815 0.11529061325888112 
-0.5507513503939995 -0.09842140643065447 0.010637431681406741 0.16758491315473492 -0.7550756798777472 0.018940915545146927 0.16466150350053477 1 -0.4559496118853445 -0.24082823428476485 
0.4530514886238477 0.13826264041880387 -0.021331364667000842 -0.11191826479474368 0.5282492476631063 -0.012844111625602487 -0.25533488108928815 -0.4559496118853445 1 0.003659069092496785 
0.07714073397612778 -0.034344536165892996 -0.018155830560020833 -0.041037887961037155 0.2725655494352419 0.00802805101749097 0.11529061325888112 -0.24082823428476485 0.003659069092496785 1 

window=2
1 0.33591987977554216 0.35205541031111676 -0.3002049097599353 0.19556557630369034 0.22315269237767302 -0.5305889360603078 -0.6681550312177258 -0.3032925648019782 -0.46041409419204077 
0.33591987977554216 1 -0.2640822943326644 0.036769709575170964 -0.13760891820526228 -0.24875616591967314 0.13193827343019324 -0.3137255415380372 0.11219967688392313 -0.1572144429551619 
0.35205541031111676 -0.2640822943326644 1 -0.3997088054688087 0.3485005643970438 0.06089177997934526 -0.44946031383029905 -0.318235779652063 -0.15547450551992492 0.028826909904399248 
-0.3002049097599353 0.036769709575170964 -0.3997088054688087 1 -0.25580482946036814 0.12507765383782238 0.40290614212804204 0.19194770349053764 -0.0860459983895555 0.13776155924221764 
0.19556557630369034 -0.13760891820526228 0.3485005643970438 -0.25580482946036814 1 0.010212332611392413 -0.2003509378601158 0.054472902820669494 0.0343301021134486 -0.08291848217662207 
0.22315269237767302 -0.24875616591967314 0.06089177997934526 0.12507765383782238 0.010212332611392413 1 -0.2077883865981795 -0.24818308613526996 -0.21103123784184458 -0.14694447751755607 
-0.5305889360603078 0.13193827343019324 -0.44946031383029905 0.40290614212804204 -0.2003509378601158 -0.2077883865981795 1 0.40744623229357196 0.3523189684141325 0.13424599563412437 
-0.6681550312177258 -0.3137255415380372 -0.318235779652063 0.19194770349053764 0.054472902820669494 -0.24818308613526996 0.40744623229357196 1 0.2556598563982032 0.5306268005327199 
-0.3032925648019782 0.11219967688392313 -0.15547450551992492 -0.0860459983895555 0.0343301021134486 -0.21103123784184458 0.3523189684141325 0.2556598563982032 1 0.17783154679326424 
-0.46041409419204077 -0.1572144429551619 0.028826909904399248 0.13776155924221764 -0.08291848217662207 -0.14694447751755607 0.13424599563412437 0.5306268005327199 0.17783154679326424 1 

window=3
1 -0.2802286060346929 -0.2176821665455667 0.28668085971049806 0.25274526177182777 -0.4415006993839485 -0.16176134449603816 0.1802813749765327 -0.4835617149790626 -0.1658624396986783 
-0.2802286060346929 1 0.7300942256127742 -0.42110955678056167 0.5925204124282435 0.6132162868681387 0.2757063552629435 -0.34867861480692325 0.5025133823060947 0.15441562744450962 
-0.2176821665455667 0.7300942256127742 1 -0.5292082215543683 0.6705301634133091 0.49662196106446493 0.3751080874834986 -0.4138861076443816 0.7053212770513847 0.2250402239411526 
0.28668085971049806 -0.42110955678056167 -0.5292082215543683 1 -0.3602697796323307 -0.13429303625471256 -0.1208275319567174 0.3318759646156409 -0.3073908435470454 -0.33465033043622083 
0.25274526177182777 0.5925204124282435 0.6705301634133091 -0.3602697796323307 1 0.3893777827714738 0.2804820369113292 -0.37167138965086344 0.28643998891700967 0.3420599960119774 
-0.4415006993839485 0.6132162868681387 0.49662196106446493 -0.13429303625471256 0.3893777827714738 1 0.2670038543838994 -0.3091724457147405 0.4758422837760013 0.20111818564830386 
-0.16176134449603816 0.2757063552629435 0.3751080874834986 -0.1208275319567174 0.2804820369113292 0.2670038543838994 1 -0.25168689356195245 0.17702301836730014 0.10602100439611878 
0.1802813749765327 -0.34867861480692325 -0.4138861076443816 0.3318759646156409 -0.37167138965086344 -0.3091724457147405 -0.25168689356195245 1 -0.3317510122465566 -0.1564790389116927 
-0.4835617149790626 0.5025133823060947 0.7053212770513847 -0.3073908435470454 0.28643998891700967 0.4758422837760013 0.17702301836730014 -0.3317510122465566 1 0.4277205830870086 
-0.1658624396986783 0.15441562744450962 0.2250402239411526 -0.33465033043622083 0.3420599960119774 0.20111818564830386 0.10602100439611878 -0.1564790389116927 0.4277205830870086 1 

window=4
1 -0.29410052625978034 -0.3411875367269344 -0.11091058899008632 0.10181536516825251 0.00691473961310498 0.07375562284376488 -0.07973622601690727 0.003442740108818023 -0.13785175895107532 
-0.29410052625978034 1 -0.028200351770159116 0.3904447805231169 -0.21424728840811672 0.015901500905991083 -0.12479501025464956 0.23389317661216888 0.23286875837272003 0.34756835197671754 
-0.3411875367269344 -0.028200351770159116 1 -0.3555002711187591 0.163665759480453 0.012348716677364435 -0.00458543586263251 -0.10803848463356452 -0.4556748858102441 0.021810678185025634 
-0.11091058899008632 0.3904447805231169 -0.3555002711187591 1 -0.2631897704135921 -0.05038345293184231 -0.049611285128977216 0.7592528842712782 0.9506879847240556 0.8254077135302049 
0.10181536516825251 -0.21424728840811672 0.163665759480453 -0.2631897704135921 1 -0.008971052022097852 0.12135910620082274 -0.06228834555283223 -0.15330932768491096 -0.1497034282673516 
0.00691473961310498 0.015901500905991083 0.012348716677364435 -0.05038345293184231 -0.008971052022097852 1 -0.0488038985175209 0.18619106519300693 -0.013437051145771593 -0.050439020468917614 
0.07375562284376488 -0.12479501025464956 -0.00458543586263251 -0.049611285128977216 0.12135910620082274 -0.0488038985175209 1 -0.013397146762516165 -0.0005867414097270548 -0.021274976368344533 
-0.07973622601690727 0.23389317661216888 -0.10803848463356452 0.7592528842712782 -0.06228834555283223 0.18619106519300693 -0.013397146762516165 1 0.7622062860803773 0.8400206336846826 
0.003442740108818023 0.23286875837272003 -0.4556748858102441 0.9506879847240556 -0.15330932768491096 -0.013437051145771593 -0.0005867414097270548 0.7622062860803773 1 0.7854994566327704 
-0.13785175895107532 0.34756835197671754 0.021810678185025634 0.8254077135302049 -0.1497034282673516 -0.050439020468917614 -0.021274976368344533 0.8400206336846826 0.7854994566327704 1 

window=8
1 -0.26338848939562615 -0.7596584029280251 0.4286694686588569 0.7292503544800069 -0.08599875762140133 -0.4866195934450559 -0.7515376777331084 -0.7222681785917029 -0.3165996424117172 
-0.26338848939562615 1 0.06405897034660303 -0.396771942823213 -0.5155448804109347 -0.004659203882361377 -0.11525814645653551 0.098422445890122 0.5661076446677238 0.3927987544704883 
-0.7596584029280251 0.06405897034660303 1 -0.30659147519965196 -0.5597270719526158 -0.12305911824471558 0.6051886855431365 0.5451009329454882 0.5432894457243218 0.3852802414105956 
0.4286694686588569 -0.396771942823213 -0.30659147519965196 1 0.5264204822605982 0.24752028336227516 -0.25244985035898904 -0.09309534161688848 -0.28001698584409035 -0.24083162678027958 
0.7292503544800069 -0.5155448804109347 -0.5597270719526158 0.5264204822605982 1 0.16303041498657284 -0.2560930315941388 -0.43206365604388347 -0.6194353037510159 -0.38834206908318714 
-0.08599875762140133 -0.004659203882361377 -0.12305911824471558 0.24752028336227516 0.16303041498657284 1 -0.02923714524951112 0.3155235790982682 0.18933139557443732 -0.4081971326731211 
-0.4866195934450559 -0.11525814645653551 0.6051886855431365 -0.25244985035898904 -0.2560930315941388 -0.02923714524951112 1 0.3477456374297971 0.27318515096528606 0.11278642140246233 
-0.7515376777331084 0.098422445890122 0.5451009329454882 -0.09309534161688848 -0.43206365604388347 0.3155235790982682 0.3477456374297971 1 0.7225837927622852 0.11218892525489693 
-0.7222681785917029 0.5661076446677238 0.5432894457243218 -0.28001698584409035 -0.6194353037510159 0.18933139557443732 0.27318515096528606 0.7225837927622852 1 0.42440078857908414 
-0.3165996424117172 0.3927987544704883 0.3852802414105956 -0.24083162678027958 -0.38834206908318714 -0.4081971326731211 0.11278642140246233 0.11218892525489693 0.42440078857908414 1 

window=9
1 0.6290149821305279 -0.3616338859781388 0.21141692585914965 -0.28165807939221876 -0.0039349734565151725 -0.2619716529193745 0.24185554886949934 0.36588934313898985 0.12482884032087753 
0.6290149821305279 1 -0.2258178463535166 0.22553929962375927 -0.1069788834112069 -0.004862959795476807 -0.03665789642676207 0.04093717811271977 0.22653055860285726 -0.14337366618791295 
-0.3616338859781388 -0.2258178463535166 1 0.24062649068583924 0.06582622100807435 -0.10773771853459667 0.1513265595773277 0.008934898709065409 -0.01415767884486831 -0.2520883355007813 
0.21141692585914965 0.22553929962375927 0.24062649068583924 1 -0.10808369169122047 0.00029886857700664097 0.0368110992424443 0.019835261162731915 0.18851129319015247 -0.16439067274921365 
-0.28165807939221876 -0.1069788834112069 0.06582622100807435 -0.10808369169122047 1 -0.028391617445514876 0.44162656317217175 -0.5706706891984732 -0.6874210402567497 -0.39519800175415354 
-0.0039349734565151725 -0.004862959795476807 -0.10773771853459667 0.00029886857700664097 -0.028391617445514876 1 -0.0031099576074083736 0.010439588803420267 -0.0029656370974399885 0.013465947721282848 
-0.2619716529193745 -0.03665789642676207 0.1513265595773277 0.0368110992424443 0.44162656317217175 -0.0031099576074083736 1 -0.4549076353740279 -0.5723450930614213 -0.8174528489717846 
0.24185554886949934 0.04093717811271977 0.008934898709065409 0.019835261162731915 -0.5706706891984732 0.010439588803420267 -0.4549076353740279 1 0.8356206395850418 0.38298412664338843 
0.36588934313898985 0.22653055860285726 -0.01415767884486831 0.18851129319015247 -0.6874210402567497 -0.0029656370974399885 -0.5723450930614213 0.8356206395850418 1 0.4737310885654186 
0.12482884032087753 -0.14337366618791295 -0.2520883355007813 -0.16439067274921365 -0.39519800175415354 0.013465947721282848 -0.8174528489717846 0.38298412664338843 0.4737310885654186 1 

window=10
1 0.6070454622510914 -0.26835221010813604 0.03199765063025643 0.15366180042522953 0.16402896820664523 0.10806561100106445 0.23759427133156197 -0.06894302934973646 -0.0016279817063360434 
0.6070454622510914 1 -0.4416238817278824 0.44225280460606015 0.238568794451299 0.406287567738515 0.17962435160785642 0.6791051573681206 -0.5355681909351989 -0.13274796903997352 
-0.26835221010813604 -0.4416238817278824 1 -0.39450085348510316 -0.14330697134669093 -0.09142665996078252 -0.039040447244343156 -0.17499375284455124 0.1406400860918411 0.07689571963127041 
0.03199765063025643 0.44225280460606015 -0.39450085348510316 1 0.1712716329426663 0.08517885232882792 0.054765934569348085 0.4250400864902835 -0.16378947549647124 -0.2954592619382713 
0.15366180042522953 0.238568794451299 -0.14330697134669093 0.1712716329426663 1 0.10607365802405402 0.05274033595386388 0.30481968843953144 -0.1366472597150442 -0.13611442279767447 
0.16402896820664523 0.406287567738515 -0.09142665996078252 0.08517885232882792 0.10607365802405402 1 0.3022090721013768 0.5104336024645586 -0.5527659317091073 0.025530277379802638 
0.10806561100106445 0.17962435160785642 -0.039040447244343156 0.054765934569348085 0.05274033595386388 0.3022090721013768 1 0.14861875519855255 -0.010318950292706507 0.12934298287604507 
0.23759427133156197 0.6791051573681206 -0.17499375284455124 0.4250400864902835 0.30481968843953144 0.5104336024645586 0.14861875519855255 1 -0.7092828777953514 -0.24423050141420838 
-0.06894302934973646 -0.5355681909351989 0.1406400860918411 -0.16378947549647124 -0.1366472597150442 -0.5527659317091073 -0.010318950292706507 -0.7092828777953514 1 0.205769798444749 
-0.0016279817063360434 -0.13274796903997352 0.07689571963127041 -0.2954592619382713 -0.13611442279767447 0.025530277379802638 0.12934298287604507 -0.24423050141420838 0.205769798444749 1 

window=19
1 -0.17958028504852744 -0.2908367321684502 -0.27619595252696905 -0.1144963014684746 0.2130276147116069 0.045892050787299396 0.5068805696860893 0.1875374676833826 0.13062827765265103 
-0.17958028504852744 1 0.25793895881807044 0.22040030838508853 0.46855747119693597 0.019230650815014988 -0.44078024313156206 -0.3480647477682938 0.24683051184517055 -0.39722586088446776 
-0.2908367321684502 0.25793895881807044 1 0.578609414187443 0.1729253417218425 -0.006267909131327286 -0.21570538897816846 -0.48777054762853445 -0.08437083507253804 -0.5319824296875757 
-0.27619595252696905 0.22040030838508853 0.578609414187443 1 0.40670772785667003 -0.006224123990825014 -0.09011825488403213 -0.4974351492487452 0.2512622906131007 -0.5685960606229765 
-0.1144963014684746 0.46855747119693597 0.1729253417218425 0.40670772785667003 1 0.0305943064108161 -0.3434901979023254 -0.3326709758524467 0.5775381412148805 -0.4702682876557819 
0.2130276147116069 0.019230650815014988 -0.006267909131327286 -0.006224123990825014 0.0305943064108161 1 -0.013943032978366651 0.010423455059344609 -0.208646476817385 0.0018512761945905767 
0.045892050787299396 -0.44078024313156206 -0.21570538897816846 -0.09011825488403213 -0.3434901979023254 -0.013943032978366651 1 0.12201734144576591 -0.058750621038360824 0.2852992488652951 
0.5068805696860893 -0.3480647477682938 -0.48777054762853445 -0.4974351492487452 -0.3326709758524467 0.010423455059344609 0.12201734144576591 1 0.0856665382023408 0.5511431129544738 
0.1875374676833826 0.24683051184517055 -0.08437083507253804 0.2512622906131007 0.5775381412148805 -0.208646476817385 -0.058750621038360824 0.0856665382023408 1 -0.14388197224157437 
0.13062827765265103 -0.39722586088446776 -0.5319824296875757 -0.5685960606229765 -0.4702682876557819 0.0018512761945905767 0.2852992488652951 0.5511431129544738 -0.14388197224157437 1 

window=20
1 0.3319330721593639 -0.3794500686214122 -0.3330710920880117 0.32802921482833236 0.2750589957680105 0.2268151922843745 -0.0712469206748618 -0.28472445628576326 -0.15741322632081922 
0.3319330721593639 1 -0.4128742817043688 -0.5156720794819942 0.3389266321993961 0.42427305863399634 0.4315555120180401 0.2319173089539756 -0.3831131778310682 -0.29453690887884276 
-0.3794500686214122 -0.4128742817043688 1 0.7913132513192991 -0.6710786635447142 -0.6370160341093491 -0.5620445988595302 0.3043661981907568 0.34276396860111347 0.14043283810340543 
-0.3330710920880117 -0.5156720794819942 0.7913132513192991 1 -0.4924498416184095 -0.8705506803606551 -0.8018757737773891 -0.0306735266154637 0.5124697261926343 -0.04729289810597331 
0.32802921482833236 0.3389266321993961 -0.6710786635447142 -0.4924498416184095 1 0.321190077127817 0.2775460435181818 -0.24396794757069756 -0.531000097364238 -0.2159574399547551 
0.2750589957680105 0.42427305863399634 -0.6370160341093491 -0.8705506803606551 0.321190077127817 1 0.8396186437034215 0.31725670237011194 -0.61226197972998 0.33125617881709546 
0.2268151922843745 0.4315555120180401 -0.5620445988595302 -0.8018757737773891 0.2775460435181818 0.8396186437034215 1 0.32006977808115145 -0.6985098097295849 0.4881511680802081 
-0.0712469206748618 0.2319173089539756 0.3043661981907568 -0.0306735266154637 -0.24396794757069756 0.31725670237011194 0.32006977808115145 1 -0.5108296025557238 0.5265673213843657 
-0.28472445628576326 -0.3831131778310682 0.34276396860111347 0.5124697261926343 -0.531000097364238 -0.61226197972998 -0.6985098097295849 -0.5108296025557238 1 -0.4733899288095157 
-0.15741322632081922 -0.29453690887884276 0.14043283810340543 -0.04729289810597331 -0.2159574399547551 0.33125617881709546 0.4881511680802081 0.5265673213843657 -0.4733899288095157 1 

window=21
1 0.5383535731550789 -0.14659434787444034 0.4745827523174885 -0.16472125433585744 0.36839334038649596 0.09223355960907227 -0.290319049366 0.4819880938148481 -0.3996023060345135 
0.5383535731550789 1 0.07163483106596269 0.8066654619323157 -0.2526668525064048 0.2482634947439683 -0.061724179772851585 -0.1640559825966566 0.18023571793606025 -0.5734714708646473 
-0.14659434787444034 0.07163483106596269 1 -0.004450537285122826 -0.23525087295164698 -0.0015762419017074575 0.021795057316380106 -0.09954776263019821 0.05656231209285135 0.02935611859182057 
0.4745827523174885 0.8066654619323157 -0.004450537285122826 1 -0.10083683977583295 0.4464277034562064 -0.12445292500768376 -0.15360844096891607 0.27444812494572285 -0.5568607932777896 
-0.16472125433585744 -0.2526668525064048 -0.23525087295164698 -0.10083683977583295 1 -0.37889719535638716 -0.17442901458794893 0.18717348927951577 -0.4695272660307539 0.1279659783197261 
0.36839334038649596 0.2482634947439683 -0.0015762419017074575 0.4464277034562064 -0.37889719535638716 1 0.07235853096953061 -0.15884719406246037 0.6826475080415135 -0.3574422791546904 
0.09223355960907227 -0.061724179772851585 0.021795057316380106 -0.12445292500768376 -0.17442901458794893 0.07235853096953061 1 -0.0876142894528978 0.15594999520372183 0.008374847519298807 
-0.290319049366 -0.1640559825966566 -0.09954776263019821 -0.15360844096891607 0.18717348927951577 -0.15884719406246037 -0.0876142894528978 1 -0.08813257672628245 -0.19435885556981017 
0.4819880938148481 0.18023571793606025 0.05656231209285135 0.27444812494572285 -0.4695272660307539 0.6826475080415135 0.15594999520372183 -0.08813257672628245 1 -0.47244065076900366 
-0.3996023060345135 -0.5734714708646473 0.02935611859182057 -0.5568607932777896 0.1279659783197261 -0.3574422791546904 0.008374847519298807 -0.19435885556981017 -0.47244065076900366 1 

window=22
1 0.5023297410545581 -0.37780404880994206 -0.1656711131472898 0.5608232916717931 -0.07114352272735218 -0.024140285489580776 -0.5826591510633921 -0.6740304084007304 0.12155678314323648 
0.5023297410545581 1 -0.035224121631236956 -0.21409596233785289 0.009772096683643755 0.08651111501570653 -0.20176093962199293 -0.17463625226928314 -0.3303575352710706 0.15588941571857123 
-0.37780404880994206 -0.035224121631236956 1 -0.2452865493363673 -0.3142042258085441 0.4883054649770902 -0.10375426838720136 0.6255714127296063 0.36841558830108484 -0.035543729185839236 
-0.1656711131472898 -0.21409596233785289 -0.2452865493363673 1 0.0446995719733394 -0.14569100531953577 0.09064874075852095 0.05235495032257831 0.1787421576883313 -0.535111842310794 
0.5608232916717931 0.009772096683643755 -0.3142042258085441 0.0446995719733394 1 0.26925347896092006 0.09392627613794627 -0.5262147027594507 -0.3698171994078776 0.12777365682403558 
-0.07114352272735218 0.08651111501570653 0.4883054649770902 -0.14569100531953577 0.26925347896092006 1 -0.10303241264598334 0.5140791098449317 0.1775580131645479 -0.11669467082117883 
-0.024140285489580776 -0.20176093962199293 -0.10375426838720136 0.09064874075852095 0.09392627613794627 -0.10303241264598334 1 -0.05727488194262145 -0.06482359794701159 0.04286946157885693 
-0.5826591510633921 -0.17463625226928314 0.6255714127296063 0.05235495032257831 -0.5262147027594507 0.5140791098449317 -0.05727488194262145 1 0.5214313091155672 -0.4583198907937587 
-0.6740304084007304 -0.3303575352710706 0.36841558830108484 0.1787421576883313 -0.3698171994078776 0.1775580131645479 -0.06482359794701159 0.5214313091155672 1 -0.26838140550694684 
0.12155678314323648 0.15588941571857123 -0.035543729185839236 -0.535111842310794 0.12777365682403558 -0.11669467082117883 0.04286946157885693 -0.4583198907937587 -0.26838140550694684 1 

window=23
1 -0.025602399493317045 -0.33938505278641484 0.30461646355280664 -0.17653817887250134 -0.147659576939785 -0.09101005302578573 -0.2821098054577672 -0.0986033224889259 0.025414931199102275 
-0.025602399493317045 1 0.11257701118607606 0.4263399741228314 -0.47983964129012197 0.551311800001514 0.28684428618268043 0.44850787924676905 0.5056211404637526 0.09269859130978114 
-0.33938505278641484 0.11257701118607606 1 -0.3867274361420695 0.034088930016273104 0.6955947590378496 0.41769267528250986 0.7981338015767924 0.6838420009106974 0.03297790476660251 
0.30461646355280664 0.4263399741228314 -0.3867274361420695 1 -0.4507710049236186 0.08591553634630329 -0.044325035034098965 -0.1584170413693685 0.08485819513021457 -0.051544945719332394 
-0.17653817887250134 -0.47983964129012197 0.034088930016273104 -0.4507710049236186 1 -0.5534456417366593 -0.03887513557877841 0.0339316391654126 -0.4725326929426568 0.029680491120875504 
-0.147659576939785 0.551311800001514 0.6955947590378496 0.08591553634630329 -0.5534456417366593 1 0.41209335985909973 0.6952989211961289 0.8072179810136645 0.10084073598409185 
-0.09101005302578573 0.28684428618268043 0.41769267528250986 -0.044325035034098965 -0.03887513557877841 0.41209335985909973 1 0.45120786159210924 0.4207008605747301 0.019429932779120758 
-0.2821098054577672 0.44850787924676905 0.7981338015767924 -0.1584170413693685 0.0339316391654126 0.6952989211961289 0.45120786159210924 1 0.6753641584782588 0.24562684022746312 
-0.0986033224889259 0.5056211404637526 0.6838420009106974 0.08485819513021457 -0.4725326929426568 0.8072179810136645 0.4207008605747301 0.6753641584782588 1 0.17993872517681322 
0.025414931199102275 0.09269859130978114 0.03297790476660251 -0.051544945719332394 0.029680491120875504 0.10084073598409185 0.019429932779120758 0.24562684022746312 0.17993872517681322 1 

window=24
1 0.8739202455704135 -0.16409320042347111 0.2709348003738564 -0.2833622828154194 0.6740479484399405 0.2956058220357064 -0.034363686101978416 -0.3291300996931932 -0.6375741671909226 
0.8739202455704135 1 -0.25065000966480244 0.23983334036642132 -0.22236838747894458 0.5331369068406068 0.3243403259119371 0.07821314363424933 -0.17632248651594218 -0.5364809475617461 
-0.16409320042347111 -0.25065000966480244 1 0.49189674824190366 -0.1970371410162745 -0.24095402694444015 -0.15838377076089558 0.01690230021053019 -0.29952842373630695 0.1948484377956347 
0.2709348003738564 0.23983334036642132 0.49189674824190366 1 -0.33947694636036985 0.2770824065270486 0.0008376001781189756 0.11982808960502331 -0.5517035338593002 -0.09970885031411117 
-0.2833622828154194 -0.22236838747894458 -0.1970371410162745 -0.33947694636036985 1 -0.4735221704574518 -0.06055842544902521 0.01603061153310213 0.5033456828930474 0.20658906135942723 
0.6740479484399405 0.5331369068406068 -0.24095402694444015 0.2770824065270486 -0.4735221704574518 1 0.22418084379273792 -0.16201263382983294 -0.4458997322835075 -0.4120281896381512 
0.2956058220357064 0.3243403259119371 -0.15838377076089558 0.0008376001781189756 -0.06055842544902521 0.22418084379273792 1 -0.0624087496968113 -0.07376371632626466 -0.26301675734730895 
-0.034363686101978416 0.07821314363424933 0.01690230021053019 0.11982808960502331 0.01603061153310213 -0.16201263382983294 -0.0624087496968113 1 0.44948719768157963 0.34880799397183243 
-0.3291300996931932 -0.17632248651594218 -0.29952842373630695 -0.5517035338593002 0.5033456828930474 -0.4458997322835075 -0.07376371632626466 0.44948719768157963 1 0.40791387546606656 
-0.6375741671909226 -0.5364809475617461 0.1948484377956347 -0.09970885031411117 0.20658906135942723 -0.4120281896381512 -0.26301675734730895 0.34880799397183243 0.40791387546606656 1 

window=25
1 0.8182664449966679 -0.4624352037569761 0.40824268395090735 -0.6637238910176442 -0.44024006086699524 0.14140452494377617 -0.3478710475228961 0.044958068279338084 -0.0694220525048837 
0.8182664449966679 1 -0.4478973704990132 0.5798124799606478 -0.605572384982497 -0.2702040443043753 -0.026913896752031242 -0.33094178106110383 0.04249061252526442 -0.009659975670304076 
-0.4624352037569761 -0.4478973704990132 1 -0.5684395675498407 0.5061814159604222 0.5361932963595321 0.06265167275077514 0.07967522612753121 -0.17578802351957246 0.16347286537545705 
0.40824268395090735 0.5798124799606478 -0.5684395675498407 1 -0.451399481209678 -0.29058268778525864 -0.18905358939009698 -0.09456834106485239 0.1363081833162517 0.012168513225836257 
-0.6637238910176442 -0.605572384982497 0.5061814159604222 -0.451399481209678 1 0.4438258280943785 -0.09142511699840737 0.2548373412453716 0.03133282084244454 0.2092064594845936 
-0.44024006086699524 -0.2702040443043753 0.5361932963595321 -0.29058268778525864 0.4438258280943785 1 -0.13881452690317705 0.10694418957996432 -0.13338902500106883 0.23996915515068168 
0.14140452494377617 -0.026913896752031242 0.06265167275077514 -0.18905358939009698 -0.09142511699840737 -0.13881452690317705 1 -0.16265196666085951 -0.014875438761050927 -0.045714253171867884 
-0.3478710475228961 -0.33094178106110383 0.07967522612753121 -0.09456834106485239 0.2548373412453716 0.10694418957996432 -0.16265196666085951 1 0.030967340575778383 -0.32378808221305794 
0.044958068279338084 0.04249061252526442 -0.17578802351957246 0.1363081833162517 0.03133282084244454 -0.13338902500106883 -0.014875438761050927 0.030967340575778383 1 0.18648424722816045 
-0.0694220525048837 -0.009659975670304076 0.16347286537545705 0.012168513225836257 0.2092064594845936 0.23996915515068168 -0.045714253171867884 -0.32378808221305794 0.18648424722816045 1 

window=26
1 0.5291929127713303 0.4749388088844198 -0.6298107920578294 -0.4253877934269885 0.13096946368112833 0.28849078700227415 -0.03514794665711234 -0.46175036696095795 0.3245580634909586 
0.5291929127713303 1 0.5941837581087853 -0.35376207066490123 -0.3827266266778042 0.14996904417514956 0.2741101557701299 0.028481339838069195 -0.1867685212283065 0.304477708954584 
0.4749388088844198 0.5941837581087853 1 -0.296809059375335 -0.4346277943255933 0.09975314932184241 0.21002773651761908 -0.17787431172718104 -0.1738441971087089 0.3132988205057883 
-0.6298107920578294 -0.35376207066490123 -0.296809059375335 1 0.3091218265118584 0.12502139134321835 -0.28815781423667497 -0.049890633858627575 0.5500696609030381 -0.24903137792714708 
-0.4253877934269885 -0.3827266266778042 -0.4346277943255933 0.3091218265118584 1 -0.07642635848619854 -0.4177188752662165 -0.5155617486545863 0.4015506536227075 -0.7992677967020583 
0.13096946368112833 0.14996904417514956 0.09975314932184241 0.12502139134321835 -0.07642635848619854 1 -0.01884327615236321 -0.08020162630426864 0.051952105163122035 0.006737543032149296 
0.28849078700227415 0.2741101557701299 0.21002773651761908 -0.28815781423667497 -0.4177188752662165 -0.01884327615236321 1 0.3322713163789642 -0.3537284650059228 0.43809557284822126 
-0.03514794665711234 0.028481339838069195 -0.17787431172718104 -0.049890633858627575 -0.5155617486545863 -0.08020162630426864 0.3322713163789642 1 -0.37441720665051825 0.6587970772054874 
-0.46175036696095795 -0.1867685212283065 -0.1738441971087089 0.5500696609030381 0.4015506536227075 0.051952105163122035 -0.3537284650059228 -0.37441720665051825 1 -0.540853431233453 
0.3245580634909586 0.304477708954584 0.3132988205057883 -0.24903137792714708 -0.7992677967020583 0.006737543032149296 0.43809557284822126 0.6587970772054874 -0.540853431233453 1 

window=29
1 0.38582967290223297 0.016327452222403255 0.41984473680344914 -0.5594142428208888 -0.1725825886515995 -0.07242523901696261 0.09435485009037389 0.020216761097420734 0.14793823721664126 
0.38582967290223297 1 -0.2827090676937905 0.33831013094877854 -0.6929568727301377 -0.4561301103297466 -0.07388944918753243 0.5191821907392318 0.10390439575978264 0.3011878787558638 
0.016327452222403255 -0.2827090676937905 1 0.3213182781902276 0.36490759753973295 0.2223213796617618 0.023207692312325633 -0.0038208903001436287 -0.11082573788699014 -0.03682185703588328 
0.41984473680344914 0.33831013094877854 0.3213182781902276 1 -0.5562799264126729 -0.14893111797180644 -0.11219704407023022 -0.043190142132464256 0.038590761098186245 0.0606272973368041 
-0.5594142428208888 -0.6929568727301377 0.36490759753973295 -0.5562799264126729 1 0.44743217772494964 0.09741166428491863 0.0010356305616649472 -0.04906038323653844 -0.1814925667236918 
-0.1725825886515995 -0.4561301103297466 0.2223213796617618 -0.14893111797180644 0.44743217772494964 1 -0.0048888576379732575 0.0078039314565057005 0.033530444670654434 -0.13917776933859444 
-0.07242523901696261 -0.07388944918753243 0.023207692312325633 -0.11219704407023022 0.09741166428491863 -0.0048888576379732575 1 0.010824877003157754 0.009829554003429997 0.002833666802269464 
0.09435485009037389 0.5191821907392318 -0.0038208903001436287 -0.043190142132464256 0.0010356305616649472 0.0078039314565057005 0.010824877003157754 1 0.09979941441236607 0.21019212361592057 
0.020216761097420734 0.10390439575978264 -0.11082573788699014 0.038590761098186245 -0.04906038323653844 0.033530444670654434 0.009829554003429997 0.09979941441236607 1 -0.11512593186694801 
0.14793823721664126 0.3011878787558638 -0.03682185703588328 0.0606272973368041 -0.1814925667236918 -0.13917776933859444 0.002833666802269464 0.21019212361592057 -0.11512593186694801 1 

window=30
1 0.13283717877548393 0.07168268113110203 -0.7987883817462991 -0.8189557359554607 -0.5698920942874272 -0.23387664555290444 -0.2743452810191137 0.3891495175027239 0.12127557025005611 
0.13283717877548393 1 0.5099306610651602 -0.22303218943294711 -0.13262745697869857 -0.5492761816570395 0.06094611724700149 -0.07984267400832502 0.2376202461591314 0.019179789089533376 
0.07168268113110203 0.5099306610651602 1 -0.14644917887434272 0.07171615172115342 -0.2909910199099941 -0.0066207413978151665 -0.30853770651708895 0.20169513532317887 -0.011176811794377682 
-0.7987883817462991 -0.22303218943294711 -0.14644917887434272 1 0.6623007930531941 0.42687333784017784 0.2754370253595023 0.22182109436286798 -0.4777322475367003 -0.1831142229574852 
-0.8189557359554607 -0.13262745697869857 0.07171615172115342 0.6623007930531941 1 0.5104247667889603 0.1610614176627709 0.21010110055232337 -0.2936365645776462 0.0029456178964503 
-0.5698920942874272 -0.5492761816570395 -0.2909910199099941 0.42687333784017784 0.5104247667889603 1 0.1227170636856694 0.18830011938096833 -0.397069178682705 0.06268837720374168 
-0.23387664555290444 0.06094611724700149 -0.0066207413978151665 0.2754370253595023 0.1610614176627709 0.1227170636856694 1 0.054016882627396075 -0.25484548667982726 -0.10366618864312385 
-0.2743452810191137 -0.07984267400832502 -0.30853770651708895 0.22182109436286798 0.21010110055232337 0.18830011938096833 0.054016882627396075 1 -0.17946626377862043 0.04060031532112339 
0.3891495175027239 0.2376202461591314 0.20169513532317887 -0.4777322475367003 -0.2936365645776462 -0.397069178682705 -0.25484548667982726 -0.17946626377862043 1 0.18651559028799145 
0.12127557025005611 0.019179789089533376 -0.011176811794377682 -0.1831142229574852 0.0029456178964503 0.06268837720374168 -0.10366618864312385 0.04060031532112339 0.18651559028799145 1 

window=31
1 -0.13384311388185946 0.4956366802562837 0.3723279132461197 0.6243077083023737 0.583435088345841 -0.03327065794185693 -0.17570898278266553 -0.2629486954665322 0.5802468814881461 
-0.13384311388185946 1 -0.5192895157189038 -0.08068288617711092 -0.4491511474398086 -0.414979610364648 0.2214001303955979 0.6896312199418201 -0.4429159558780426 -0.49020597604762833 
0.4956366802562837 -0.5192895157189038 1 0.30111523137711377 0.6335362164441051 0.4520897197990517 -0.0404136278582392 -0.6310255251397385 0.35174171943976573 0.6426642397629108 
0.3723279132461197 -0.08068288617711092 0.30111523137711377 1 0.5703467717794258 0.5615106429760367 -0.029094781905179508 0.09355169074396665 -0.16751874634391645 0.5457165334223458 
0.6243077083023737 -0.4491511474398086 0.6335362164441051 0.5703467717794258 1 0.9084371373078285 -0.059342571685964234 -0.4356439307467881 0.007077014657134364 0.9463685400146635 
0.583435088345841 -0.414979610364648 0.4520897197990517 0.5615106429760367 0.9084371373078285 1 -0.04674814681915761 -0.3492571579019649 -0.19372174858910926 0.8148776606171854 
-0.03327065794185693 0.2214001303955979 -0.0404136278582392 -0.029094781905179508 -0.059342571685964234 -0.04674814681915761 1 0.017095161486126394 -0.004481562047147267 -0.056613046747812895 
-0.17570898278266553 0.6896312199418201 -0.6310255251397385 0.09355169074396665 -0.4356439307467881 -0.3492571579019649 0.017095161486126394 1 -0.6308204662540531 -0.5331533970690333 
-0.2629486954665322 -0.4429159558780426 0.35174171943976573 -0.16751874634391645 0.007077014657134364 -0.19372174858910926 -0.004481562047147267 -0.6308204662540531 1 0.12480729793181033 
0.5802468814881461 -0.49020597604762833 0.6426642397629108 0.5457165334223458 0.9463685400146635 0.8148776606171854 -0.056613046747812895 -0.5331533970690333 0.12480729793181033 1 

window=32
1 -0.6892709125973978 -0.13941229548446724 -0.5413580211375121 -0.16727416205134107 0.48288499233963544 0.391059238178725 0.0008665164459411873 0.037449569482886524 0.16063172912372653 
-0.6892709125973978 1 -0.03408212825223565 0.41005835198356777 0.12704191994368344 -0.3149555204252095 -0.3270629912182435 0.08275965350181792 0.09567094913812439 -0.14926827040501023 
-0.13941229548446724 -0.03408212825223565 1 0.41487354246977 0.41773062442461284 0.3280649304438506 0.10315293801806671 -0.07587331909842525 0.18301198547106318 -0.554084449011445 
-0.5413580211375121 0.41005835198356777 0.41487354246977 1 0.748636587746429 -0.07651156970986084 -0.06573022346020249 -0.10321512080228495 0.3214787802996311 -0.7366575393089563 
-0.16727416205134107 0.12704191994368344 0.41773062442461284 0.748636587746429 1 0.24409831887521488 0.218655200973685 -0.090538084034902 0.6425170334027118 -0.7879126750710959 
0.48288499233963544 -0.3149555204252095 0.3280649304438506 -0.07651156970986084 0.24409831887521488 1 0.4856611347163536 0.008801711865658667 0.2846321788136201 -0.39586929604519866 
0.391059238178725 -0.3270629912182435 0.10315293801806671 -0.06573022346020249 0.218655200973685 0.4856611347163536 1 0.008260666346095978 0.18589465394039442 -0.18923830115823698 
0.0008665164459411873 0.08275965350181792 -0.07587331909842525 -0.10321512080228495 -0.090538084034902 0.008801711865658667 0.008260666346095978 1 0.030657468444882364 0.06716826237614135 
0.037449569482886524 0.09567094913812439 0.18301198547106318 0.3214787802996311 0.6425170334027118 0.2846321788136201 0.18589465394039442 0.030657468444882364 1 -0.32508978348482137 
0.16063172912372653 -0.14926827040501023 -0.554084449011445 -0.7366575393089563 -0.7879126750710959 -0.39586929604519866 -0.18923830115823698 0.06716826237614135 -0.32508978348482137 1 

window=33
1 -0.55223104033318 0.7562409381449676 -0.34475305396929806 0.7538271482562535 -0.3369230002321741 -0.2394310342490501 -0.28822709939216906 -0.3188526223651898 -0.3014306223493865 
-0.55223104033318 1 -0.5086445986603298 0.13970766890051733 -0.25158473372896 0.5370242919269655 0.1068789498635573 -0.10293391347709686 0.10550591602013912 0.1475267039250122 
0.7562409381449676 -0.5086445986603298 1 -0.16521595821240495 0.5572451277019888 -0.5016504131322009 -0.1456345308489435 -0.23986089677201236 -0.4555247012866974 0.10400352256921576 
-0.34475305396929806 0.13970766890051733 -0.16521595821240495 1 0.01360078392162104 0.0017757126438837888 0.1759781904411026 0.11657761653595845 -0.2609685601320106 0.5627027454961365 
0.7538271482562535 -0.25158473372896 0.5572451277019888 0.01360078392162104 1 -0.45217640614717214 -0.030411669283032287 -0.448260194101699 -0.3216680979791207 -0.037243938563460956 
-0.3369230002321741 0.5370242919269655 -0.5016504131322009 0.0017757126438837888 -0.45217640614717214 1 -0.05869495506304308 0.29867345904279974 0.006819010527838429 -0.13103788932710064 
-0.2394310342490501 0.1068789498635573 -0.1456345308489435 0.1759781904411026 -0.030411669283032287 -0.05869495506304308 1 0.0037266129266211234 0.1752140843563891 0.1933709384415718 
-0.28822709939216906 -0.10293391347709686 -0.23986089677201236 0.11657761653595845 -0.448260194101699 0.29867345904279974 0.0037266129266211234 1 0.047370050954958165 0.005828612996775374 
-0.3188526223651898 0.10550591602013912 -0.4555247012866974 -0.2609685601320106 -0.3216680979791207 0.006819010527838429 0.1752140843563891 0.047370050954958165 1 -0.3114591218940333 
-0.3014306223493865 0.1475267039250122 0.10400352256921576 0.5627027454961365 -0.037243938563460956 -0.13103788932710064 0.1933709384415718 0.005828612996775374 -0.3114591218940333 1 

window=34
1 -0.06578576939736257 0.10005720035133854 -0.03877424748295255 -0.11091128658813941 -0.2546030980729861 0.1941277698244749 0.23297502854213195 0.0653751627249051 0.011857316931164185 
-0.06578576939736257 1 0.01958523485441707 0.11257616381790461 -0.06466868680201707 -0.10535368415417701 0.0905560516853271 0.008375867029391238 0.04395725837999854 0.15131957299863033 
0.10005720035133854 0.01958523485441707 1 0.5988636896752704 -0.7096065256197467 -0.5267102126680807 0.022292688917097903 0.23501400365397546 -0.0944604575432338 0.39352198771446856 
-0.03877424748295255 0.11257616381790461 0.5988636896752704 1 -0.7122423344169806 -0.6320951467150624 -0.21063708390889602 0.28603134492998533 -0.33038562667079185 0.5523637908689916 
-0.11091128658813941 -0.06466868680201707 -0.7096065256197467 -0.7122423344169806 1 0.5892964239014489 -0.05718350825083783 -0.29640034682182936 0.07570721051387062 -0.4929631929925574 
