window=0
1 0.19648799448460164 -0.016504537885344953 0.02314471341860091 -0.013212767470700193 0.017943757025872094 0.07630426921070547 -0.05762708942665899 -0.056449486303276356 0.02681678299449468 
0.19648799448460164 1 -0.0234669699247791 0.07132318049384662 -0.08969761598319334 -0.0003667258502131235 0.014798654240030398 -0.013569458845888515 0.015602108023932599 0.04190391729931351 
-0.016504537885344953 -0.0234669699247791 1 0.3001201792950859 -0.11592435631618477 -0.14525039557499123 -0.0839381571568331 -0.02995719207541013 -0.01447516824974794 0.011502293196666919 
0.02314471341860091 0.07132318049384662 0.3001201792950859 1 -0.08111986828793771 -0.07645253346448454 0.034431845779261616 0.013548873688223991 -0.04631019095636506 0.02129662338856919 
-0.013212767470700193 -0.08969761598319334 -0.11592435631618477 -0.08111986828793771 1 -0.05784908490999392 0.02498753991613661 -0.017513348731011038 -0.07868594014980623 0.023944330607415795 
0.017943757025872094 -0.0003667258502131235 -0.14525039557499123 -0.07645253346448454 -0.05784908490999392 1 0.15805322703707517 -0.06614374990458528 0.06925862123635011 -0.0773947127754313 
0.07630426921070547 0.014798654240030398 -0.0839381571568331 0.034431845779261616 0.02498753991613661 0.15805322703707517 1 0.08065818010771181 -0.00559836268103653 0.0974949279029918 
-0.05762708942665899 -0.013569458845888515 -0.02995719207541013 0.013548873688223991 -0.017513348731011038 -0.06614374990458528 0.08065818010771181 1 0.08604040328949046 0.009693343297161683 
-0.056449486303276356 0.015602108023932599 -0.01447516824974794 -0.04631019095636506 -0.07868594014980623 0.06925862123635011 -0.00559836268103653 0.08604040328949046 1 -0.20223828775626448 
0.02681678299449468 0.04190391729931351 0.011502293196666919 0.02129662338856919 0.023944330607415795 -0.0773947127754313 0.0974949279029918 0.009693343297161683 -0.20223828775626448 1 

window=1
1 -0.007987103380190557 -0.051428032378381686 -0.043627159973718535 0.017779909110161033 0.03290943419624293 0.010872154327896094 -0.06050028984207689 0.09504367044399192 -0.05334114343709552 
-0.007987103380190557 1 0.024556019845239956 0.03167642523808447 -0.01827536152919919 -0.04305464733547816 0.08168906706491241 -0.0979746204208407 0.031643751277148684 -0.04644397195483616 
-0.051428032378381686 0.024556019845239956 1 0.361094616399097 -0.1006890270186216 -0.07072893098798418 0.08885796930181429 -0.04593887546894235 0.0064655146372229085 0.09042493961916424 
-0.043627159973718535 0.03167642523808447 0.361094616399097 1 -0.06030614046908351 -0.057110157363793386 0.12295691705603821 -0.024963191466775607 0.05190130976952318 0.07768195195007167 
0.017779909110161033 -0.01827536152919919 -0.1006890270186216 -0.06030614046908351 1 -0.07450953067333224 -0.056049754189162845 -0.03235982832235587 -0.010048613597082052 -0.076414434458707 
0.03290943419624293 -0.04305464733547816 -0.07072893098798418 -0.057110157363793386 -0.07450953067333224 1 -0.06293639719104341 0.07335981199012774 0.011175972202642943 -0.07700441592754063 
0.010872154327896094 0.08168906706491241 0.08885796930181429 0.12295691705603821 -0.056049754189162845 -0.06293639719104341 1 -0.1339787905589301 0.030156561133848674 -0.010805197540092203 
-0.06050028984207689 -0.0979746204208407 -0.04593887546894235 -0.024963191466775607 -0.03235982832235587 0.07335981199012774 -0.1339787905589301 1 -0.0003906295814179742 -0.005444614597011384 
0.09504367044399192 0.031643751277148684 0.0064655146372229085 0.05190130976952318 -0.010048613597082052 0.011175972202642943 0.030156561133848674 -0.0003906295814179742 1 -0.14123927373886855 
-0.05334114343709552 -0.04644397195483616 0.09042493961916424 0.07768195195007167 -0.076414434458707 -0.07700441592754063 -0.010805197540092203 -0.005444614597011384 -0.14123927373886855 1 

window=2
1 -0.07376235568718299 -0.022154569269086825 -0.0002034377927307188 -0.08591071101690147 -0.022608819030099335 0.06405410455419434 0.011622712246264332 0.1204435040198208 0.06831327681839762 
-0.07376235568718299 1 -0.011162211774131854 0.04874219478098108 -0.02024875873641522 0.010157288912259114 -0.025543906789242798 0.023260053737213498 -0.03276198494095849 0.06683575356954542 
-0.022154569269086825 -0.011162211774131854 1 -0.01164961935192874 -0.04638345989712037 0.02995243212715623 0.04752950565499305 -0.01297512736044019 0.17438062143952604 -0.06491570969677649 
-0.0002034377927307188 0.04874219478098108 -0.01164961935192874 1 0.011191524007678484 0.06682831171386738 -0.006352416751136869 0.031185309799349956 0.004842751416511279 -0.07611767025076 
-0.08591071101690147 -0.02024875873641522 -0.04638345989712037 0.011191524007678484 1 0.08634889333454755 -0.10632284934152844 0.04145030611746969 -0.05026612588376962 0.024767462909756222 
-0.022608819030099335 0.010157288912259114 0.02995243212715623 0.06682831171386738 0.08634889333454755 1 0.0045201336289367525 0.18138569416301978 -0.08018622416886947 -0.10754929165700329 
0.06405410455419434 -0.025543906789242798 0.04752950565499305 -0.006352416751136869 -0.10632284934152844 0.0045201336289367525 1 -0.010232820366878233 -0.1748848857875693 -0.004441942097916199 
0.011622712246264332 0.023260053737213498 -0.01297512736044019 0.031185309799349956 0.04145030611746969 0.18138569416301978 -0.010232820366878233 1 -0.024887271043210663 -0.05011984749973496 
0.1204435040198208 -0.03276198494095849 0.17438062143952604 0.004842751416511279 -0.05026612588376962 -0.08018622416886947 -0.1748848857875693 -0.024887271043210663 1 0.1960339176609649 
0.06831327681839762 0.06683575356954542 -0.06491570969677649 -0.07611767025076 0.024767462909756222 -0.10754929165700329 -0.004441942097916199 -0.05011984749973496 0.1960339176609649 1 

window=3
1 -0.020425333141347403 0.07485768150477112 -0.19876695579846299 0.04986500287631921 -0.015588822966168961 -0.051088479715114404 0.027046533500440804 -0.07631747686845168 -0.0026255848620406635 
-0.020425333141347403 1 -0.0349367398337774 0.09595117840962725 -0.013888910594311391 -0.02830927163147075 -0.010723359569615542 -0.05815162653100685 -0.019210882573395725 0.11491030560173361 
0.07485768150477112 -0.0349367398337774 1 0.0282881590783868 0.0037784653830914964 0.026073849805743395 -0.06452103782819898 0.0625422969947778 -0.08232747641760588 0.07478224442711041 
-0.19876695579846299 0.09595117840962725 0.0282881590783868 1 -0.02513544284281622 -0.04189117661203132 0.09540764626555737 -0.03412870894216885 0.06690255249431055 0.07481739715278805 
0.04986500287631921 -0.013888910594311391 0.0037784653830914964 -0.02513544284281622 1 0.05763845888883121 -0.009437263403007814 0.013249706853916679 -0.03255932164529475 0.013324646636572164 
-0.015588822966168961 -0.02830927163147075 0.026073849805743395 -0.04189117661203132 0.05763845888883121 1 0.14012695462289304 0.0885341055408788 0.018482636920756305 0.13740091393519552 
-0.051088479715114404 -0.010723359569615542 -0.06452103782819898 0.09540764626555737 -0.009437263403007814 0.14012695462289304 1 -0.11439809741992668 -0.03439130356209554 0.026773019493723297 
0.027046533500440804 -0.05815162653100685 0.0625422969947778 -0.03412870894216885 0.013249706853916679 0.0885341055408788 -0.11439809741992668 1 0.02983788185923038 0.08162993237323912 
-0.07631747686845168 -0.019210882573395725 -0.08232747641760588 0.06690255249431055 -0.03255932164529475 0.018482636920756305 -0.03439130356209554 0.02983788185923038 1 -0.018231846498430727 
-0.0026255848620406635 0.11491030560173361 0.07478224442711041 0.07481739715278805 0.013324646636572164 0.13740091393519552 0.026773019493723297 0.08162993237323912 -0.018231846498430727 1 

window=5
1 0.014610068653316419 -0.02482986173003745 0.034439279835704384 -0.030019549702241705 0.06017253554402853 0.019327992223368763 -0.025513264539700174 -0.020762685343296644 0.07752838692404723 
0.014610068653316419 1 -0.0019816254856716954 0.012274292246809515 -0.05947338178480976 0.003976262718261424 -0.0010895167235924162 0.0004108619733134569 -0.106159784530809 0.0025797088656480957 
-0.02482986173003745 -0.0019816254856716954 1 0.0027088119946437565 -0.10612248873680516 0.06937900340791701 0.022787248938322364 0.04024625694198137 -0.006409541114391641 0.013529639989963288 
0.034439279835704384 0.012274292246809515 0.0027088119946437565 1 0.012528626608891895 0.04110181189749554 -0.05467308674310995 0.09829933760995972 -0.08734050305262313 0.0706463778878241 
-0.030019549702241705 -0.05947338178480976 -0.10612248873680516 0.012528626608891895 1 -0.16925978683865303 -0.060711934356438 0.026392424859857763 -0.02391123386024684 0.01468408354995132 
0.06017253554402853 0.003976262718261424 0.06937900340791701 0.04110181189749554 -0.16925978683865303 1 -0.05086058005214163 -0.08034896255903914 -0.019020882531979172 0.09025182661954799 
0.019327992223368763 -0.0010895167235924162 0.022787248938322364 -0.05467308674310995 -0.060711934356438 -0.05086058005214163 1 0.06327451345572331 0.011912077668300805 0.0077270681972683875 
-0.025513264539700174 0.0004108619733134569 0.04024625694198137 0.09829933760995972 0.026392424859857763 -0.08034896255903914 0.06327451345572331 1 0.09430031653908612 -0.008702094347304384 
-0.020762685343296644 -0.106159784530809 -0.006409541114391641 -0.08734050305262313 -0.02391123386024684 -0.019020882531979172 0.011912077668300805 0.09430031653908612 1 0.007662414135612829 
0.07752838692404723 0.0025797088656480957 0.013529639989963288 0.0706463778878241 0.01468408354995132 0.09025182661954799 0.0077270681972683875 -0.008702094347304384 0.007662414135612829 1 

window=6
1 -0.044276404447716244 0.16188126278787038 0.014356437852469978 -0.05137600213863345 0.00011528749426885154 -0.09214644971449158 -0.04189764571359615 -0.055575274808470625 0.051938533170608155 
-0.044276404447716244 1 -0.006913800041071046 -0.031049148514118316 0.10226447401205893 -0.03607418718287445 -0.05904177118376485 -0.14566128179089122 -0.018842522515372426 0.020936726499301613 
0.16188126278787038 -0.006913800041071046 1 -0.008325802305804417 -0.02594884855813816 -0.004980484080382497 0.021617441968656056 0.0037329924016936194 0.04493929809896821 -0.06056795493452715 
0.014356437852469978 -0.031049148514118316 -0.008325802305804417 1 0.061444729804094635 -0.013293862125333216 0.01618110154900923 -0.030776159373652922 -0.0037408498649150893 -0.006502955752169766 
-0.05137600213863345 0.10226447401205893 -0.02594884855813816 0.061444729804094635 1 -0.09893708061988946 0.003397525661240648 0.03237596100952153 -0.07143257187569771 0.045927205255735834 
0.00011528749426885154 -0.03607418718287445 -0.004980484080382497 -0.013293862125333216 -0.09893708061988946 1 -0.03156193435580895 -0.08025816188024942 -0.032409818789800364 -0.04501503362434908 
-0.09214644971449158 -0.05904177118376485 0.021617441968656056 0.01618110154900923 0.003397525661240648 -0.03156193435580895 1 -0.06040914526094699 0.009776995233605174 -0.10694169772165182 
-0.04189764571359615 -0.14566128179089122 0.0037329924016936194 -0.030776159373652922 0.03237596100952153 -0.08025816188024942 -0.06040914526094699 1 -0.0022157312803817203 -0.051694771456477474 
-0.055575274808470625 -0.018842522515372426 0.04493929809896821 -0.0037408498649150893 -0.07143257187569771 -0.032409818789800364 0.009776995233605174 -0.0022157312803817203 1 -0.2519112882723502 
0.051938533170608155 0.020936726499301613 -0.06056795493452715 -0.006502955752169766 0.045927205255735834 -0.04501503362434908 -0.10694169772165182 -0.051694771456477474 -0.2519112882723502 1 

window=7
1 0.06756846211868837 -0.036445952596328525 0.13737816067450706 -0.20962906727841943 -0.11436188646279495 -0.04344267961056329 -0.06808122945611518 -0.08157948366257861 -0.014619774584372294 
0.06756846211868837 1 -0.04761908707752075 -0.08665890284205131 0.08693686382319597 -0.035337810257695834 0.02056240101701196 -0.027590543125959967 0.061197812691367946 -0.03696389720507345 
-0.036445952596328525 -0.04761908707752075 1 -0.19382688820905447 -0.05623735581476352 -0.14839324819616456 0.1284132768409129 0.02757388951956168 -0.0737892180320962 0.04480184145132769 
0.13737816067450706 -0.08665890284205131 -0.19382688820905447 1 -0.05440494374698284 -0.029438649760529796 0.03219707853334708 0.03830966908032518 0.062382428784797626 0.18049581303942244 
-0.20962906727841943 0.08693686382319597 -0.05623735581476352 -0.05440494374698284 1 0.22864695731507134 -0.049783564791694504 0.2964330223052966 0.2916360154378799 -0.19475346840815788 
-0.11436188646279495 -0.035337810257695834 -0.14839324819616456 -0.029438649760529796 0.22864695731507134 1 -0.13639850336261067 0.04577974532881687 0.21461112170377553 0.06554377033824536 
-0.04344267961056329 0.02056240101701196 0.1284132768409129 0.03219707853334708 -0.049783564791694504 -0.13639850336261067 1 -0.0843656861429227 -0.16572585553543703 0.38104695849797193 
-0.06808122945611518 -0.027590543125959967 0.02757388951956168 0.03830966908032518 0.2964330223052966 0.04577974532881687 -0.0843656861429227 1 0.050479940646201205 -0.06643664938064563 
-0.08157948366257861 0.061197812691367946 -0.0737892180320962 0.062382428784797626 0.2916360154378799 0.21461112170377553 -0.16572585553543703 0.050479940646201205 1 0.017092350242459354 
-0.014619774584372294 -0.03696389720507345 0.04480184145132769 0.18049581303942244 -0.19475346840815788 0.06554377033824536 0.38104695849797193 -0.06643664938064563 0.017092350242459354 1 

window=13
1 -0.19529676368831525 -0.06373897688716913 -0.044066249063390454 -0.07455861452028065 0.013833470813392302 0.018988909018691314 0.033349865241522565 -0.05120352561719878 0.16495949599622897 
-0.19529676368831525 1 -0.11218806096733208 -0.041941775967416155 -0.07312255979517918 0.09335131223937657 0.07646452691771868 -0.033098641736975916 0.039445955253725934 0.01921703997302577 
-0.06373897688716913 -0.11218806096733208 1 0.04965975090326199 -0.03366136435168307 -0.2191480177829905 0.1407875793402233 -0.06039362580827424 0.08365668745116511 0.06735378054860255 
-0.044066249063390454 -0.041941775967416155 0.04965975090326199 1 0.17108569535584356 0.19216001106975414 0.037755341116880343 -0.006675985981585085 -0.04742968185839846 0.06898510372528092 
-0.07455861452028065 -0.07312255979517918 -0.03366136435168307 0.17108569535584356 1 0.3518667781829922 -0.015058040298071574 -0.03753117604133967 -0.0018006409005114378 -0.07099198560693079 
0.013833470813392302 0.09335131223937657 -0.2191480177829905 0.19216001106975414 0.3518667781829922 1 -0.007365478174890611 -0.02833479632394786 0.01111785770097575 -0.06822446910013126 
0.018988909018691314 0.07646452691771868 0.1407875793402233 0.037755341116880343 -0.015058040298071574 -0.007365478174890611 1 -0.0710690480771908 -0.04146773137537577 0.008322629421204928 
0.033349865241522565 -0.033098641736975916 -0.06039362580827424 -0.006675985981585085 -0.03753117604133967 -0.02833479632394786 -0.0710690480771908 1 -7.332689468923217e-05 0.09198153327191644 
-0.05120352561719878 0.039445955253725934 0.08365668745116511 -0.04742968185839846 -0.0018006409005114378 0.01111785770097575 -0.04146773137537577 -7.332689468923217e-05 1 0.14249910672940877 
0.16495949599622897 0.01921703997302577 0.06735378054860255 0.06898510372528092 -0.07099198560693079 -0.06822446910013126 0.008322629421204928 0.09198153327191644 0.14249910672940877 1 

window=14
1 0.0016692073779481526 0.029622060957704557 0.14709558072003354 -0.06335306946900711 0.06596835066703931 -0.05077237082010733 0.02557801592615321 0.044345125052924705 0.08923601094043682 
0.0016692073779481526 1 -0.03166368915424703 0.048570728135881654 -0.02550320558312557 0.09473303124638587 -0.03687932614180143 -0.10318283614487558 0.07851784137408549 -0.04109787782441766 
0.029622060957704557 -0.03166368915424703 1 0.11178682149169132 0.0028593454654138586 0.034656865084061954 -0.0006776508524711365 0.020213013271295294 -0.12619447998245825 -0.06468301327700153 
0.14709558072003354 0.048570728135881654 0.11178682149169132 1 0.01997531812997476 -0.04495169866406552 -0.06777427445514998 0.1249511501348168 -0.03483760912455494 0.09923137640738079 
-0.06335306946900711 -0.02550320558312557 0.0028593454654138586 0.01997531812997476 1 -0.03330912769214682 0.13255605531133796 -0.032520025497991226 0.04879458166623952 0.017411366508158305 
0.06596835066703931 0.09473303124638587 0.034656865084061954 -0.04495169866406552 -0.03330912769214682 1 0.02668177265600408 -0.030877797909825307 0.21413113415786555 -0.005921166517975788 
-0.05077237082010733 -0.03687932614180143 -0.0006776508524711365 -0.06777427445514998 0.13255605531133796 0.02668177265600408 1 -0.06539617147954035 -0.005313463689085437 -0.09439302015330614 
0.02557801592615321 -0.10318283614487558 0.020213013271295294 0.1249511501348168 -0.032520025497991226 -0.030877797909825307 -0.06539617147954035 1 -0.0009497171220659769 0.07271837117325539 
0.044345125052924705 0.07851784137408549 -0.12619447998245825 -0.03483760912455494 0.04879458166623952 0.21413113415786555 -0.005313463689085437 -0.0009497171220659769 1 0.02860070010326035 
0.08923601094043682 -0.04109787782441766 -0.06468301327700153 0.09923137640738079 0.017411366508158305 -0.005921166517975788 -0.09439302015330614 0.07271837117325539 0.02860070010326035 1 

window=15
1 0.044905725262511305 0.08659571842783645 -0.1021081856502703 -0.021279364826694104 0.0018621556142214616 0.05790977890823125 0.16631801001714117 -0.11414632096676341 0.05256675584086169 
0.044905725262511305 1 -0.10599380296076918 0.09508947849241965 -0.014620075890435803 0.04752882610095123 -0.12516912987439174 -0.037030924706080694 0.16858824201692507 -0.0944798509111383 
0.08659571842783645 -0.10599380296076918 1 -0.16476206746848737 -0.028920703451363224 -0.015140072764660948 0.22911230153676534 -0.042131700520070085 -0.111417426410461 0.10484050671576986 
-0.1021081856502703 0.09508947849241965 -0.16476206746848737 1 0.06858084880511472 -0.017430309787316568 0.057867545253641815 0.09193743999199043 -0.00023631567887523155 0.033789547249924314 
-0.021279364826694104 -0.014620075890435803 -0.028920703451363224 0.06858084880511472 1 -0.005286613177576272 0.028943904146258373 -0.009362090987622274 -0.1355957868873749 -0.13389795943195426 
0.0018621556142214616 0.04752882610095123 -0.015140072764660948 -0.017430309787316568 -0.005286613177576272 1 -0.04323999847827944 0.02576108702626447 0.04063914902983108 0.08050700531358367 
0.05790977890823125 -0.12516912987439174 0.22911230153676534 0.057867545253641815 0.028943904146258373 -0.04323999847827944 1 0.06452705467164452 -0.17162704375248888 0.003767340302497376 
0.16631801001714117 -0.037030924706080694 -0.042131700520070085 0.09193743999199043 -0.009362090987622274 0.02576108702626447 0.06452705467164452 1 -0.048073845705211234 -0.11986255436469409 
-0.11414632096676341 0.16858824201692507 -0.111417426410461 -0.00023631567887523155 -0.1355957868873749 0.04063914902983108 -0.17162704375248888 -0.048073845705211234 1 0.11617964565319062 
0.05256675584086169 -0.0944798509111383 0.10484050671576986 0.033789547249924314 -0.13389795943195426 0.08050700531358367 0.003767340302497376 -0.11986255436469409 0.11617964565319062 1 

window=16
1 0.0029118477655081026 -0.07216649990871286 -0.02021241551914164 -0.03729198425958272 -0.07258088908700006 0.026296422031911324 0.014609373233898621 0.021116181897659386 0.0490206392035973 
0.0029118477655081026 1 -0.10051200206606946 -0.11358386197313988 -0.001989855848606623 -0.06414307303154687 0.07616053909627282 0.08081895881201372 -0.050251751844038045 0.059786140876988525 
-0.07216649990871286 -0.10051200206606946 1 0.1311414328360566 -0.11855410403676456 -0.004624322841712252 -0.1311823356011345 -0.12343551560465035 -0.03180035567327754 0.07649480321234943 
-0.02021241551914164 -0.11358386197313988 0.1311414328360566 1 0.10270540070783496 0.07020697211209932 0.04239334688753433 0.005132749955989147 0.014755566828745029 -0.0779663158527613 
-0.03729198425958272 -0.001989855848606623 -0.11855410403676456 0.10270540070783496 1 0.09219511882152212 0.10644631370993028 0.02357235484818985 0.07840526605034225 -0.03577535941545458 
-0.07258088908700006 -0.06414307303154687 -0.004624322841712252 0.07020697211209932 0.09219511882152212 1 0.008630050642784718 0.11928935044781899 0.09741674654472701 -0.058568439579880026 
0.026296422031911324 0.07616053909627282 -0.1311823356011345 0.04239334688753433 0.10644631370993028 0.008630050642784718 1 -0.020860912718337097 0.011407266378811393 -0.11097995156501089 
0.014609373233898621 0.08081895881201372 -0.12343551560465035 0.005132749955989147 0.02357235484818985 0.11928935044781899 -0.020860912718337097 1 0.013673353453920586 0.09811055173561345 
0.021116181897659386 -0.050251751844038045 -0.03180035567327754 0.014755566828745029 0.07840526605034225 0.09741674654472701 0.011407266378811393 0.013673353453920586 1 0.2800228138409871 
0.0490206392035973 0.059786140876988525 0.07649480321234943 -0.0779663158527613 -0.03577535941545458 -0.058568439579880026 -0.11097995156501089 0.09811055173561345 0.2800228138409871 1 

window=17
1 0.03888924740086543 -0.05501632344989493 -0.026706717172152807 0.0341825050804935 -0.02417406310990845 -0.04260464272807844 -0.032833224001195954 0.093800297662875 -0.02266873177259279 
0.03888924740086543 1 0.003451366304367063 0.04436044304753092 0.05061148129051071 0.009839321405443208 -0.14815374804301268 -0.01602379174583286 0.2330961092174029 -0.1314938792855911 
-0.05501632344989493 0.003451366304367063 1 0.16744913815435672 -0.03469875646407758 0.03968407953554335 -0.05371400261364109 -0.11888826829373375 -0.04144060162895815 -0.13106200078757388 
-0.026706717172152807 0.04436044304753092 0.16744913815435672 1 -0.00595428049250874 0.040449504059621846 -0.027423395250956537 -0.1647941856752934 0.009292428878300476 0.009867227488081767 
0.0341825050804935 0.05061148129051071 -0.03469875646407758 -0.00595428049250874 1 0.11501224343390501 -0.2445596507766213 0.024964576546394508 0.004502953399076674 0.031215020271868406 
-0.02417406310990845 0.009839321405443208 0.03968407953554335 0.040449504059621846 0.11501224343390501 1 -0.027524323684486082 -0.015372675591904122 -0.07187653858198999 0.05956218905480909 
-0.04260464272807844 -0.14815374804301268 -0.05371400261364109 -0.027423395250956537 -0.2445596507766213 -0.027524323684486082 1 -0.017310624782421156 -0.009615309775109203 0.06581095491786608 
-0.032833224001195954 -0.01602379174583286 -0.11888826829373375 -0.1647941856752934 0.024964576546394508 -0.015372675591904122 -0.017310624782421156 1 -0.01578036701309743 0.03416858597500475 
0.093800297662875 0.2330961092174029 -0.04144060162895815 0.009292428878300476 0.004502953399076674 -0.07187653858198999 -0.009615309775109203 -0.01578036701309743 1 -0.07284161970101603 
-0.02266873177259279 -0.1314938792855911 -0.13106200078757388 0.009867227488081767 0.031215020271868406 0.05956218905480909 0.06581095491786608 0.03416858597500475 -0.07284161970101603 1 

window=18
1 -0.08448888919164262 0.050354287702325966 -0.015072468039898581 -0.017007725842011292 0.0039465273925116 -0.009251682423831281 0.07049092126448216 0.06939521010893329 -0.046582771135435595 
-0.08448888919164262 1 -0.009244579176403932 0.08737458495830991 0.059856575174797796 -0.10160627748265577 -0.11151866444869973 0.0027416098118044244 -0.14713769939581312 -0.04473481526149808 
0.050354287702325966 -0.009244579176403932 1 -0.07667382164143191 0.12774901062651067 -0.008165376510900983 -0.07896808157806057 0.011406151630359719 0.1642348374326379 0.20382860051200558 
-0.015072468039898581 0.08737458495830991 -0.07667382164143191 1 0.0535463403446426 -0.008452211944109 -0.045130697849472066 -0.13885767250065406 -0.01360892420783145 -0.08681647170208419 
-0.017007725842011292 0.059856575174797796 0.12774901062651067 0.0535463403446426 1 -0.008271262824931883 0.1465548996188538 0.08985526169165149 -0.01193295356522361 0.005162250061072719 
0.0039465273925116 -0.10160627748265577 -0.008165376510900983 -0.008452211944109 -0.008271262824931883 1 0.04883443914689012 0.10038987679025929 0.10991661481852623 -0.13804409388544692 
-0.009251682423831281 -0.11151866444869973 -0.07896808157806057 -0.045130697849472066 0.1465548996188538 0.04883443914689012 1 0.005423709679344056 -0.06542511593737296 0.016178771066568478 
0.07049092126448216 0.0027416098118044244 0.011406151630359719 -0.13885767250065406 0.08985526169165149 0.10038987679025929 0.005423709679344056 1 0.014365411008042537 -0.09034766761463793 
0.06939521010893329 -0.14713769939581312 0.1642348374326379 -0.01360892420783145 -0.01193295356522361 0.10991661481852623 -0.06542511593737296 0.014365411008042537 1 0.02109455140463526 
-0.046582771135435595 -0.04473481526149808 0.20382860051200558 -0.08681647170208419 0.005162250061072719 -0.13804409388544692 0.016178771066568478 -0.09034766761463793 0.02109455140463526 1 

window=19
1 0.1912260827058029 -0.021770418066056358 0.06280931248453439 -0.09051841121458115 -0.1761745826556621 0.012235050605852518 -0.054527043377756344 0.03384033080437756 -0.031808022786694985 
0.1912260827058029 1 0.030847851794677777 0.08444892675354723 0.004970471908124733 -0.08108933647640028 0.07173627705027735 -0.04081259075689745 -0.06711928206977663 0.018121249319525374 
-0.021770418066056358 0.030847851794677777 1 0.17210944508539042 0.04932319709796374 0.010832896365192935 0.035189124858097394 0.09264483457614452 0.18032227088844088 -0.02392173862804413 
0.06280931248453439 0.08444892675354723 0.17210944508539042 1 -0.01579173693642024 -0.27223226429473724 -0.059234357983488486 0.07528588214028736 -0.11321580427567356 0.1206287793768858 
-0.09051841121458115 0.004970471908124733 0.04932319709796374 -0.01579173693642024 1 0.1976659164555959 -0.05600700338701276 0.010831086767455186 -0.051866984652197516 -0.08202730388466364 
-0.1761745826556621 -0.08108933647640028 0.010832896365192935 -0.27223226429473724 0.1976659164555959 1 0.012665601598804945 0.04169392011075802 0.025026056869105605 -0.13553616164645785 
0.012235050605852518 0.07173627705027735 0.035189124858097394 -0.059234357983488486 -0.05600700338701276 0.012665601598804945 1 -0.12776768212179423 -0.09179941954136493 -0.11144278817902314 
-0.054527043377756344 -0.04081259075689745 0.09264483457614452 0.07528588214028736 0.010831086767455186 0.04169392011075802 -0.12776768212179423 1 0.28694881097677977 0.16360289659602514 
0.03384033080437756 -0.06711928206977663 0.18032227088844088 -0.11321580427567356 -0.051866984652197516 0.025026056869105605 -0.09179941954136493 0.28694881097677977 1 -0.1391725066134797 
-0.031808022786694985 0.018121249319525374 -0.02392173862804413 0.1206287793768858 -0.08202730388466364 -0.13553616164645785 -0.11144278817902314 0.16360289659602514 -0.1391725066134797 1 

window=20
1 0.08434319156030078 -0.01142728816926444 0.004283905035055213 -0.08714413514808077 -0.009930416810037375 0.09026786282811992 -0.005592927355126973 0.03545358918834441 0.011240400428446375 
0.08434319156030078 1 0.04678348932673926 -0.021196757954619526 -0.029234399402908364 -0.09369621324704144 -0.050809500068751165 0.015188729942710035 0.08089301364183478 -0.05635246404328145 
-0.01142728816926444 0.04678348932673926 1 -0.014340041992855063 -0.022068981178692326 -0.01114855434565798 0.11470142523916055 0.05528951737570388 -0.04540068692870022 -0.08795874341181707 
0.004283905035055213 -0.021196757954619526 -0.014340041992855063 1 0.003949786584324963 -0.10662163896003786 -0.04445539300797286 0.032226133605821175 -0.11704744686145191 0.06627529776500113 
-0.08714413514808077 -0.029234399402908364 -0.022068981178692326 0.003949786584324963 1 0.0366573189836238 0.14973944124008728 0.22910856043398517 -0.006065666925145575 -0.10475243309854002 
-0.009930416810037375 -0.09369621324704144 -0.01114855434565798 -0.10662163896003786 0.0366573189836238 1 0.029412142861247718 0.06911577182358222 0.1049072934642988 0.007884153283405608 
0.09026786282811992 -0.050809500068751165 0.11470142523916055 -0.04445539300797286 0.14973944124008728 0.029412142861247718 1 -0.008567106894515163 -0.025423223462064857 0.05108417215992028 
-0.005592927355126973 0.015188729942710035 0.05528951737570388 0.032226133605821175 0.22910856043398517 0.06911577182358222 -0.008567106894515163 1 0.24318700987873482 0.008006012179892111 
0.03545358918834441 0.08089301364183478 -0.04540068692870022 -0.11704744686145191 -0.006065666925145575 0.1049072934642988 -0.025423223462064857 0.24318700987873482 1 -0.10887271759385435 
0.011240400428446375 -0.05635246404328145 -0.08795874341181707 0.06627529776500113 -0.10475243309854002 0.007884153283405608 0.05108417215992028 0.008006012179892111 -0.10887271759385435 1 

window=21
1 -0.032521084206683884 0.02281391381398387 -0.11816119346305037 -0.006252367050353952 0.008466778951210969 -0.06542603990152117 -0.0011743093563338835 0.00815296934799006 -0.021710268839272583 
-0.032521084206683884 1 0.004298100591750635 0.08544542114926655 -0.01171863166587004 -0.0016911351196831816 0.007484239544396309 0.027272751205471644 -0.05673581875807397 -0.03663572184760423 
0.02281391381398387 0.004298100591750635 1 -0.05753876074745102 0.12252101347239139 -0.07310208005733292 0.030419995260927674 -0.07478445858713287 -0.025000425068965187 -0.10408990583673529 
-0.11816119346305037 0.08544542114926655 -0.05753876074745102 1 -0.07187627826426134 -0.08178715826050299 0.006723148533031051 -0.19782298261927894 -0.05226108035847273 0.06474521691632006 
-0.006252367050353952 -0.01171863166587004 0.12252101347239139 -0.07187627826426134 1 -0.02920401748839507 -0.023625775437963483 0.04015194241776228 0.09867996562392914 -0.021710176985279658 
0.008466778951210969 -0.0016911351196831816 -0.07310208005733292 -0.08178715826050299 -0.02920401748839507 1 0.02011213252578384 -0.04056840887035876 0.08820015295788776 0.008025524266200892 
-0.06542603990152117 0.007484239544396309 0.030419995260927674 0.006723148533031051 -0.023625775437963483 0.02011213252578384 1 -0.10340622515659383 -0.0020128020442640696 0.09221210395950358 
-0.0011743093563338835 0.027272751205471644 -0.07478445858713287 -0.19782298261927894 0.04015194241776228 -0.04056840887035876 -0.10340622515659383 1 -0.015340706839140603 0.09187624608905375 
0.00815296934799006 -0.05673581875807397 -0.025000425068965187 -0.05226108035847273 0.09867996562392914 0.08820015295788776 -0.0020128020442640696 -0.015340706839140603 1 0.044033987020812564 
-0.021710268839272583 -0.03663572184760423 -0.10408990583673529 0.06474521691632006 -0.021710176985279658 0.008025524266200892 0.09221210395950358 0.09187624608905375 0.044033987020812564 1 

window=22
1 -0.029539320873443558 0.03986151092923516 0.31616802506630204 -0.029136970234212304 -0.19252011534187516 0.10615906115063699 0.07292642165642628 0.18337038155597593 0.054799975184935464 
-0.029539320873443558 1 0.031061115246174543 -0.19723164871698048 -0.025012187712788465 0.12367394819278917 0.15403796682954854 0.050052975865091956 0.23310715905674995 0.19000751753932685 
0.03986151092923516 0.031061115246174543 1 6.0454332516898755e-06 -0.0256052328680566 -0.05492079009152697 0.07280452928432994 -0.05860340420393819 -0.10476398818139075 -0.013986234893133255 
0.31616802506630204 -0.19723164871698048 6.0454332516898755e-06 1 0.03020534033547626 -0.026600142136614408 -0.019354805218418647 0.009856397088081 0.05480724185139491 0.006984029376669729 
-0.029136970234212304 -0.025012187712788465 -0.0256052328680566 0.03020534033547626 1 0.01969011822329449 0.03515413455772464 0.04235052381438502 -0.004839463835245587 -0.038290722591142044 
-0.19252011534187516 0.12367394819278917 -0.05492079009152697 -0.026600142136614408 0.01969011822329449 1 -0.006181543334135244 0.13309636543709644 -0.06943699984454638 0.0007343337803162758 
0.10615906115063699 0.15403796682954854 0.07280452928432994 -0.019354805218418647 0.03515413455772464 -0.006181543334135244 1 -0.02140957465033089 0.06951042241309492 -0.1293497432744328 
0.07292642165642628 0.050052975865091956 -0.05860340420393819 0.009856397088081 0.04235052381438502 0.13309636543709644 -0.02140957465033089 1 0.08724210499679863 0.00311339539322658 
0.18337038155597593 0.23310715905674995 -0.10476398818139075 0.05480724185139491 -0.004839463835245587 -0.06943699984454638 0.06951042241309492 0.08724210499679863 1 0.01494794642878706 
0.054799975184935464 0.19000751753932685 -0.013986234893133255 0.006984029376669729 -0.038290722591142044 0.0007343337803162758 -0.1293497432744328 0.00311339539322658 0.01494794642878706 1 

window=23
1 0.5429984313367615 -0.07706832196080797 -0.04229819511684294 -0.050401198261693134 0.05187822376917916 0.09069184078568542 -0.023196855108772278 0.028665350343904966 0.05419030565502393 
0.5429984313367615 1 -0.0014122487308732867 -0.037274921187765084 -0.13524303361543277 0.1145250727020874 0.05582463124937922 -0.08826799364123374 0.017961694129231813 -0.017530062171111353 
-0.07706832196080797 -0.0014122487308732867 1 0.0133653954980655 0.03222511740056258 -0.16475774339333435 0.0349103421726997 -0.10535255346561083 0.020413434008423242 0.01881518610732567 
-0.04229819511684294 -0.037274921187765084 0.0133653954980655 1 0.02417446529707653 0.1330800405719687 -0.12348408219483653 0.0217121163962853 -0.006994557528565285 -0.034065577494098234 
-0.050401198261693134 -0.13524303361543277 0.03222511740056258 0.02417446529707653 1 -0.04251510516098846 -0.023336364517144114 0.00448912111531007 -0.05280858078675618 -0.08205655769879175 
0.05187822376917916 0.1145250727020874 -0.16475774339333435 0.1330800405719687 -0.04251510516098846 1 -0.07378807802014405 -0.043644778517785934 -0.03265336352347458 -0.09219871070392388 
0.09069184078568542 0.05582463124937922 0.0349103421726997 -0.12348408219483653 -0.023336364517144114 -0.07378807802014405 1 0.03308918925040064 0.00876749964085786 0.019345216128257806 
-0.023196855108772278 -0.08826799364123374 -0.10535255346561083 0.0217121163962853 0.00448912111531007 -0.043644778517785934 0.03308918925040064 1 0.001903169771789614 0.08031615644756382 
0.028665350343904966 0.017961694129231813 0.020413434008423242 -0.006994557528565285 -0.05280858078675618 -0.03265336352347458 0.00876749964085786 0.001903169771789614 1 0.2347898673623829 
0.05419030565502393 -0.017530062171111353 0.01881518610732567 -0.034065577494098234 -0.08205655769879175 -0.09219871070392388 0.019345216128257806 0.08031615644756382 0.2347898673623829 1 

window=24
1 -0.10581964455309352 0.009966328506495382 -0.06645675906258783 -0.03812356012442632 0.06323498411264523 0.020026216044608646 -0.042483256614282566 -0.05372552908325547 -0.0520608176689091 
-0.10581964455309352 1 -0.08777569428581707 0.002462655046487968 0.006985938193771944 0.04004243546699268 0.05410381908999968 0.28055101975140456 0.00106076768496106 -0.06285273729916209 
0.009966328506495382 -0.08777569428581707 1 0.07675351952235257 0.023273028705096212 0.016888132731877815 0.023141551356567605 -0.14609319919979902 0.09593078090479651 -0.015214237098177305 
-0.06645675906258783 0.002462655046487968 0.07675351952235257 1 -0.010694286918005062 0.04419348438768213 0.048774474233475744 0.027885414134858934 -0.0030176715095391426 -0.015228130546064781 
-0.03812356012442632 0.006985938193771944 0.023273028705096212 -0.010694286918005062 1 -0.05387589484754143 0.06404596449246139 -0.039224502932727306 -0.10045672501595977 -0.02622512482046688 
0.06323498411264523 0.04004243546699268 0.016888132731877815 0.04419348438768213 -0.05387589484754143 1 -0.08689887538290687 0.10752363448109323 0.10448927574042009 -0.06121596196030994 
0.020026216044608646 0.05410381908999968 0.023141551356567605 0.048774474233475744 0.06404596449246139 -0.08689887538290687 1 0.04288899348241513 -0.05548845356209813 -0.025974892945701232 
-0.042483256614282566 0.28055101975140456 -0.14609319919979902 0.027885414134858934 -0.039224502932727306 0.10752363448109323 0.04288899348241513 1 0.015560953160068917 -0.07145162160096963 
-0.05372552908325547 0.00106076768496106 0.09593078090479651 -0.0030176715095391426 -0.10045672501595977 0.10448927574042009 -0.05548845356209813 0.015560953160068917 1 -0.10841967596828594 
-0.0520608176689091 -0.06285273729916209 -0.015214237098177305 -0.015228130546064781 -0.02622512482046688 -0.06121596196030994 -0.025974892945701232 -0.07145162160096963 -0.10841967596828594 1 

window=25
1 0.17446838159063854 0.11528818460345885 -0.018258265972714162 0.03578646563921861 -0.055338835606861175 0.007074317235066063 0.037125403189940925 0.022120906758810645 -0.03673221617896152 
0.17446838159063854 1 0.06606293304401531 0.05632551708280728 -0.07855160136322573 0.08186344476965061 -0.035003261127159256 0.08565994026435729 -0.03185506643915079 -0.11367679914591311 
0.11528818460345885 0.06606293304401531 1 -0.004933886887770926 0.027045883373405608 -0.05169057395718398 0.07280250862566201 0.04865677389403639 0.0646441536174243 -0.07727737988827622 
-0.018258265972714162 0.05632551708280728 -0.004933886887770926 1 0.012293625632620764 0.1005713315375026 -0.02019525467159142 -0.024896876736133573 -0.016730302607899043 0.13556232859571465 
0.03578646563921861 -0.07855160136322573 0.027045883373405608 0.012293625632620764 1 -0.24740681642872367 0.20447236002610608 0.06363658983324941 -0.02636190597324531 -0.08576918854424957 
-0.055338835606861175 0.08186344476965061 -0.05169057395718398 0.1005713315375026 -0.24740681642872367 1 -0.024378997176507218 -0.05918307747774307 0.013372469493128149 0.011250872058937413 
0.007074317235066063 -0.035003261127159256 0.07280250862566201 -0.02019525467159142 0.20447236002610608 -0.024378997176507218 1 -0.06426539313285487 0.03143557052411278 0.026671609587452766 
0.037125403189940925 0.08565994026435729 0.04865677389403639 -0.024896876736133573 0.06363658983324941 -0.05918307747774307 -0.06426539313285487 1 -0.09763101101553819 0.016492481569865894 
0.022120906758810645 -0.03185506643915079 0.0646441536174243 -0.016730302607899043 -0.02636190597324531 0.013372469493128149 0.03143557052411278 -0.09763101101553819 1 0.1620141396034057 
-0.03673221617896152 -0.11367679914591311 -0.07727737988827622 0.13556232859571465 -0.08576918854424957 0.011250872058937413 0.026671609587452766 0.016492481569865894 0.1620141396034057 1 

window=26
1 -0.07861156531803135 0.0361482035746302 0.0027510594741619707 -0.24373343837187325 0.15731561983855177 0.00010618338488029185 0.01649839987934708 -0.0047179420666686725 0.023225041613487207 
-0.07861156531803135 1 0.06574500809303889 0.003780402276798678 0.07127925496097876 0.058484885834028597 0.1064231903936714 -0.14670899554373726 -0.08217452971061964 -0.04029210736431701 
0.0361482035746302 0.06574500809303889 1 0.009692918283438698 0.05637562038322581 0.08966772549911695 0.06549173015574919 -0.002238184969940088 0.058490750593861086 0.03926542114228384 
0.0027510594741619707 0.003780402276798678 0.009692918283438698 1 -0.030335246902117856 0.01738328826453861 -0.005211664772895349 -0.10152756148803105 -0.04332917592525156 -0.04676875990343885 
-0.24373343837187325 0.07127925496097876 0.05637562038322581 -0.030335246902117856 1 -0.07481901723834541 0.04827470049546379 -0.002193275656936517 -0.04990691940678773 0.08878840674994816 
0.15731561983855177 0.058484885834028597 0.08966772549911695 0.01738328826453861 -0.07481901723834541 1 0.3640440119856051 -0.02909065091127713 0.0075371861068799124 0.0387944136011075 
0.00010618338488029185 0.1064231903936714 0.06549173015574919 -0.005211664772895349 0.04827470049546379 0.3640440119856051 1 -0.022697750825783736 0.05663017739207979 0.12085063800649933 
0.01649839987934708 -0.14670899554373726 -0.002238184969940088 -0.10152756148803105 -0.002193275656936517 -0.02909065091127713 -0.022697750825783736 1 -0.15891012938109383 -0.05685173570859716 
