window=0
1 0.019596333061698747 0.10878356387460625 -0.00457633067072032 0.10822038301090675 0.007140867233890996 0.07445745602413895 -0.014806523905344064 0.0443141120820029 
0.019596333061698747 1 -0.017819414577085246 0.22604417275626829 0.030137627490092585 0.03474347104223561 -0.05173493274060229 -0.04599138557228046 0.04157935082946239 
0.10878356387460625 -0.017819414577085246 1 0.15129429924292193 0.017285752881427943 -0.014459493652959442 -0.07104596599956324 0.06382503511670602 0.1427731218610768 
-0.00457633067072032 0.22604417275626829 0.15129429924292193 1 0.01756029211255714 -0.0449748280710894 -0.062353986268875915 -0.03989023292140598 0.04930576017031445 
0.10822038301090675 0.030137627490092585 0.017285752881427943 0.01756029211255714 1 0.019869089404636033 -0.0545941275111807 0.04758438102863399 -0.08287033239244866 
0.007140867233890996 0.03474347104223561 -0.014459493652959442 -0.0449748280710894 0.019869089404636033 1 -0.07438353424638228 -0.01756095941117345 0.05281403682912154 
0.07445745602413895 -0.05173493274060229 -0.07104596599956324 -0.062353986268875915 -0.0545941275111807 -0.07438353424638228 1 -0.059346592648811154 0.172944965028232 
-0.014806523905344064 -0.04599138557228046 0.06382503511670602 -0.03989023292140598 0.04758438102863399 -0.01756095941117345 -0.059346592648811154 1 -0.0004502138913406112 
0.0443141120820029 0.04157935082946239 0.1427731218610768 0.04930576017031445 -0.08287033239244866 0.05281403682912154 0.172944965028232 -0.0004502138913406112 1 

window=1
1 0.1047995420938376 0.3599720886096494 0.21047450724841646 0.13348998499412484 -0.28149924926549497 0.03624154693809446 0.010417050734280026 -0.053471566026037164 
0.1047995420938376 1 -0.07873558573253474 0.3204633883028693 0.11779948195489504 0.16653332862541984 0.14682749436505482 -0.008317140135736749 0.06598517737275726 
0.3599720886096494 -0.07873558573253474 1 0.21120632286458763 0.23092270971595086 -0.06880197552349708 -0.04912190820178822 -0.04075520659466445 -0.08700975662499466 
0.21047450724841646 0.3204633883028693 0.21120632286458763 1 0.011018206399520749 0.0376074552493673 -0.0062838991642932196 0.04491013990354169 -0.007238063936394496 
0.13348998499412484 0.11779948195489504 0.23092270971595086 0.011018206399520749 1 0.03059560123510023 0.005253666559261206 -0.036986047005524665 -0.149030141869707 
-0.28149924926549497 0.16653332862541984 -0.06880197552349708 0.0376074552493673 0.03059560123510023 1 0.08029177635147382 0.0904130893207081 0.22465873576727793 
0.03624154693809446 0.14682749436505482 -0.04912190820178822 -0.0062838991642932196 0.005253666559261206 0.08029177635147382 1 0.12150631746342383 0.2122404154466381 
0.010417050734280026 -0.008317140135736749 -0.04075520659466445 0.04491013990354169 -0.036986047005524665 0.0904130893207081 0.12150631746342383 1 0.018971753710365753 
-0.053471566026037164 0.06598517737275726 -0.08700975662499466 -0.007238063936394496 -0.149030141869707 0.22465873576727793 0.2122404154466381 0.018971753710365753 1 

window=2
1 0.09935514754385177 0.24514000289157648 0.06579305733814696 0.005939039788762252 -0.02032234459479466 -0.024893446935863883 -0.04017390980061039 0.02976972606068819 
0.09935514754385177 1 -0.020040912663134736 -0.17297455925302158 -0.13773485104567396 0.0814617495774304 -0.012881512581147338 -0.04923110005230286 -0.0051335777617358734 
0.24514000289157648 -0.020040912663134736 1 0.049695691144357394 0.028449040297015466 0.018636170919446842 -0.0252499155743015 -0.034414697319219395 -0.05079304446676105 
0.06579305733814696 -0.17297455925302158 0.049695691144357394 1 -0.07581094254374861 0.11825101430479172 -0.11423697268192254 -0.11524400654316744 -0.049432645628745366 
0.005939039788762252 -0.13773485104567396 0.028449040297015466 -0.07581094254374861 1 -0.15109479226038178 0.06498983109414093 0.09466194685715153 0.2930214914564155 
-0.02032234459479466 0.0814617495774304 0.018636170919446842 0.11825101430479172 -0.15109479226038178 1 0.03411907826439707 -0.029389296050527956 -0.009152357708176333 
-0.024893446935863883 -0.012881512581147338 -0.0252499155743015 -0.11423697268192254 0.06498983109414093 0.03411907826439707 1 -0.01803278299268475 0.11812497764123842 
-0.04017390980061039 -0.04923110005230286 -0.034414697319219395 -0.11524400654316744 0.09466194685715153 -0.029389296050527956 -0.01803278299268475 1 -0.05632981547299963 
0.02976972606068819 -0.0051335777617358734 -0.05079304446676105 -0.049432645628745366 0.2930214914564155 -0.009152357708176333 0.11812497764123842 -0.05632981547299963 1 

window=3
1 -0.06024548817808365 0.10699907781411867 -0.07254505916553174 0.047171207527641305 0.06375732082606024 -0.012179129920782098 -0.009894432001862592 -0.023301416300036015 
-0.06024548817808365 1 -0.11390855322209072 -0.1620376932793738 -0.028498541839508583 0.05344284023132854 -0.012499559253931385 0.03813604573595457 0.1329055145457036 
0.10699907781411867 -0.11390855322209072 1 0.15446325452655654 0.03375655247585495 -0.022729643934062377 -0.013690713814491674 -0.008888785831076492 -0.020855704782296355 
-0.07254505916553174 -0.1620376932793738 0.15446325452655654 1 0.09729320780026697 -0.024304958763936225 -0.02457804692001365 0.03762180494917403 0.00821056140000551 
0.047171207527641305 -0.028498541839508583 0.03375655247585495 0.09729320780026697 1 -0.0683916800482997 0.1617452361271028 0.013808547370809842 -0.03624951083113506 
0.06375732082606024 0.05344284023132854 -0.022729643934062377 -0.024304958763936225 -0.0683916800482997 1 0.09982493761102111 0.07156252386361792 0.12354370429786704 
-0.012179129920782098 -0.012499559253931385 -0.013690713814491674 -0.02457804692001365 0.1617452361271028 0.09982493761102111 1 -0.15749819045211927 -0.016107667309416564 
-0.009894432001862592 0.03813604573595457 -0.008888785831076492 0.03762180494917403 0.013808547370809842 0.07156252386361792 -0.15749819045211927 1 -0.046329468082149695 
-0.023301416300036015 0.1329055145457036 -0.020855704782296355 0.00821056140000551 -0.03624951083113506 0.12354370429786704 -0.016107667309416564 -0.046329468082149695 1 

window=4
1 0.1104516984822366 -0.01157619825664069 -0.0581865105894139 0.07116868463416522 -0.033492903281106504 -0.028719301066538895 0.08732229549808329 0.03761639489185563 
0.1104516984822366 1 -0.006745173900436378 0.22689423020950747 0.011045761778662077 0.008991018507923356 -0.0033371242966935316 -0.09455088671420117 -0.006928944627223265 
-0.01157619825664069 -0.006745173900436378 1 0.09403977862065041 0.05274232727679308 0.03679823612496921 -0.009760744111973444 0.02198777382704196 0.028720892017159435 
-0.0581865105894139 0.22689423020950747 0.09403977862065041 1 0.0925709145856562 -0.06531212406716747 -0.014716427510353406 -0.14437037384875814 -0.013933117675272347 
0.07116868463416522 0.011045761778662077 0.05274232727679308 0.0925709145856562 1 -0.0432838491351684 -0.02670728283407316 0.055676538885668335 -0.00831616205216635 
-0.033492903281106504 0.008991018507923356 0.03679823612496921 -0.06531212406716747 -0.0432838491351684 1 0.11206415043187488 0.030245428174067824 -0.13928795743756853 
-0.028719301066538895 -0.0033371242966935316 -0.009760744111973444 -0.014716427510353406 -0.02670728283407316 0.11206415043187488 1 0.07268298479105716 -0.015687799971896472 
0.08732229549808329 -0.09455088671420117 0.02198777382704196 -0.14437037384875814 0.055676538885668335 0.030245428174067824 0.07268298479105716 1 -0.0029931789154218754 
0.03761639489185563 -0.006928944627223265 0.028720892017159435 -0.013933117675272347 -0.00831616205216635 -0.13928795743756853 -0.015687799971896472 -0.0029931789154218754 1 

window=5
1 0.02244878697970746 0.016893367662675397 0.010278426217945343 0.033295136676948 0.022923554337587082 -0.03697036594744835 0.10513519289658385 0.11347401075238649 
0.02244878697970746 1 0.09490500388084853 -0.03968941405776389 0.02110225286251076 -0.018861448486406824 -0.04692688755473829 0.013446383870713209 -0.012103384319370478 
0.016893367662675397 0.09490500388084853 1 -0.09627148700638524 -0.06925037167806189 0.0009831975998773699 -0.06530982568411862 0.08853549875560858 -0.012577088832238063 
0.010278426217945343 -0.03968941405776389 -0.09627148700638524 1 -0.02415541393571554 -0.024790065775643706 -0.024008390653375147 0.05508323271216317 -0.09141752739424613 
0.033295136676948 0.02110225286251076 -0.06925037167806189 -0.02415541393571554 1 0.15679408442911194 -0.12149907872206973 -0.08818336616773204 -0.09148815321228454 
0.022923554337587082 -0.018861448486406824 0.0009831975998773699 -0.024790065775643706 0.15679408442911194 1 0.03522730395195059 -0.045337437703554376 0.015958257324519838 
-0.03697036594744835 -0.04692688755473829 -0.06530982568411862 -0.024008390653375147 -0.12149907872206973 0.03522730395195059 1 -0.02831474970751529 0.029792739219394966 
0.10513519289658385 0.013446383870713209 0.08853549875560858 0.05508323271216317 -0.08818336616773204 -0.045337437703554376 -0.02831474970751529 1 0.06409250718520566 
0.11347401075238649 -0.012103384319370478 -0.012577088832238063 -0.09141752739424613 -0.09148815321228454 0.015958257324519838 0.029792739219394966 0.06409250718520566 1 

window=6
1 0.005527695804240613 -0.12301424719984227 -0.004444812943727016 0.11401186116942112 0.044881572209180494 -0.09082435922914081 0.08926312092820496 0.046613801889935545 
0.005527695804240613 1 0.10515264916562528 -0.05195955450016495 0.03157161832221422 0.01429428952958252 -0.0144646955615601 0.09314941488879391 -0.12488561326345103 
-0.12301424719984227 0.10515264916562528 1 -0.1902449740599987 0.05453089559777747 -0.011726916143267473 0.04435247523168386 -0.04783946698464295 0.021656390617630056 
-0.004444812943727016 -0.05195955450016495 -0.1902449740599987 1 -0.12025675132423623 -0.11063183804096267 -0.1013682186542897 -0.03370160505423264 0.07858652558528116 
0.11401186116942112 0.03157161832221422 0.05453089559777747 -0.12025675132423623 1 0.12912810857778373 -0.12103864027241379 0.009805700699191894 -0.012956792820885408 
0.044881572209180494 0.01429428952958252 -0.011726916143267473 -0.11063183804096267 0.12912810857778373 1 -0.05209220602675636 -0.02387218647613473 -0.031132877579488908 
-0.09082435922914081 -0.0144646955615601 0.04435247523168386 -0.1013682186542897 -0.12103864027241379 -0.05209220602675636 1 -0.05338582985642326 0.02530027866434151 
0.08926312092820496 0.09314941488879391 -0.04783946698464295 -0.03370160505423264 0.009805700699191894 -0.02387218647613473 -0.05338582985642326 1 0.1412717773276371 
0.046613801889935545 -0.12488561326345103 0.021656390617630056 0.07858652558528116 -0.012956792820885408 -0.031132877579488908 0.02530027866434151 0.1412717773276371 1 

window=7
1 0.04395767180469578 -0.12688718315265077 -0.08278204817280518 -0.10715175530563532 -0.07504539546525464 -0.0902038573042347 -0.01563983363908082 0.13306064468701165 
0.04395767180469578 1 0.06710702652764751 -0.05221035446644903 -0.09548517066829498 0.07856683581210157 -0.059369285057473326 -0.18036454659718226 -0.04008867437404028 
-0.12688718315265077 0.06710702652764751 1 0.040107290877745144 0.0918584790606409 -0.046328741359401446 -0.022682764545558176 0.04763519705746381 -0.07324203033479769 
-0.08278204817280518 -0.05221035446644903 0.040107290877745144 1 0.17124458830713782 0.0954118978907937 -0.10890983588401872 -0.06944442607833179 0.006680559595749981 
-0.10715175530563532 -0.09548517066829498 0.0918584790606409 0.17124458830713782 1 -0.2140751624403981 0.07872592855874085 -0.11682592209705264 0.053588478435712864 
-0.07504539546525464 0.07856683581210157 -0.046328741359401446 0.0954118978907937 -0.2140751624403981 1 -0.06644714791987552 -0.02585530527365517 -0.1790132075227443 
-0.0902038573042347 -0.059369285057473326 -0.022682764545558176 -0.10890983588401872 0.07872592855874085 -0.06644714791987552 1 -0.034111738246106575 -0.030050429427262413 
-0.01563983363908082 -0.18036454659718226 0.04763519705746381 -0.06944442607833179 -0.11682592209705264 -0.02585530527365517 -0.034111738246106575 1 -0.13065381309588042 
0.13306064468701165 -0.04008867437404028 -0.07324203033479769 0.006680559595749981 0.053588478435712864 -0.1790132075227443 -0.030050429427262413 -0.13065381309588042 1 

window=8
1 0.05546228853682648 0.029924088027993984 0.11205249241812663 0.0027650255208489967 0.2329948561353773 -0.051334584457987664 0.050997278517336715 -0.025116907958338302 
0.05546228853682648 1 0.029612319186092202 -0.3069657335775633 -0.04847174720498344 -0.11673434828791433 -0.04436648832745237 -0.029734348725743993 -0.1097039541792508 
0.029924088027993984 0.029612319186092202 1 0.031742597386102314 0.006733782075820737 -0.040299528717402125 -0.06660561619272816 -0.037374047577060074 0.03472427849487289 
0.11205249241812663 -0.3069657335775633 0.031742597386102314 1 0.020671562294151024 -0.03502766163735904 -0.02515798065452346 0.006278871542147312 0.06147792476370331 
0.0027650255208489967 -0.04847174720498344 0.006733782075820737 0.020671562294151024 1 -0.10232273309503848 -0.07750361835575054 -0.1089709919864097 0.25079290356757195 
0.2329948561353773 -0.11673434828791433 -0.040299528717402125 -0.03502766163735904 -0.10232273309503848 1 -0.012829335874231827 0.07380706917516949 0.04112442079030219 
-0.051334584457987664 -0.04436648832745237 -0.06660561619272816 -0.02515798065452346 -0.07750361835575054 -0.012829335874231827 1 0.10946041951162926 0.015590826022688326 
0.050997278517336715 -0.029734348725743993 -0.037374047577060074 0.006278871542147312 -0.1089709919864097 0.07380706917516949 0.10946041951162926 1 -0.06100409261170258 
-0.025116907958338302 -0.1097039541792508 0.03472427849487289 0.06147792476370331 0.25079290356757195 0.04112442079030219 0.015590826022688326 -0.06100409261170258 1 

window=9
1 0.05368908045234902 -0.009733605325070224 0.28816686977483447 0.11282276186738531 0.002501997332972945 -0.07231460507681016 0.0649237147065976 0.009053031406719843 
0.05368908045234902 1 -0.1467474022501347 0.20305131210952865 0.113723218279569 0.05641440943896389 -0.1081909601395049 -0.030197537927756278 0.0846558719281545 
-0.009733605325070224 -0.1467474022501347 1 0.029402756582484174 -0.06894101053979988 -0.03624815111516534 0.0740729177202977 0.01147731986514012 0.047822554973077754 
0.28816686977483447 0.20305131210952865 0.029402756582484174 1 -0.045894944850756236 -0.058478490282134296 -0.06938135977148806 -0.0449159827448746 0.07899961038589672 
0.11282276186738531 0.113723218279569 -0.06894101053979988 -0.045894944850756236 1 -0.12641761111425537 -0.12060000390531765 0.06962261993633237 0.0036753701315082347 
0.002501997332972945 0.05641440943896389 -0.03624815111516534 -0.058478490282134296 -0.12641761111425537 1 -0.052543287554784435 -0.024573885195882317 0.035263695664835566 
-0.07231460507681016 -0.1081909601395049 0.0740729177202977 -0.06938135977148806 -0.12060000390531765 -0.052543287554784435 1 0.016291894617802796 0.08569660606855656 
0.0649237147065976 -0.030197537927756278 0.01147731986514012 -0.0449159827448746 0.06962261993633237 -0.024573885195882317 0.016291894617802796 1 -0.16864996073629274 
0.009053031406719843 0.0846558719281545 0.047822554973077754 0.07899961038589672 0.0036753701315082347 0.035263695664835566 0.08569660606855656 -0.16864996073629274 1 

window=10
1 0.05008339358710527 -0.00021714404846628286 0.3530483971358318 -0.011485337507646583 -0.15579421741575963 0.012235219134717019 0.03679431173555375 -0.05174536184101933 
0.05008339358710527 1 -0.05393478321016252 0.1363047721151489 0.022268513994123256 -0.08190840613718456 0.07488062003825123 -0.009646408468443654 0.0049288074692409554 
-0.00021714404846628286 -0.05393478321016252 1 0.05965348220304564 0.0037103584624082427 -0.12472342112861716 -0.11353866949750428 0.06542645228275115 0.1267388527949128 
0.3530483971358318 0.1363047721151489 0.05965348220304564 1 0.06693042767896268 -0.053778571476987565 0.09594619150228392 0.07317680895473916 -0.09721061168035271 
-0.011485337507646583 0.022268513994123256 0.0037103584624082427 0.06693042767896268 1 -0.10788324037642748 0.12186283579579918 -1.991409079846463e-05 0.04495529113593956 
-0.15579421741575963 -0.08190840613718456 -0.12472342112861716 -0.053778571476987565 -0.10788324037642748 1 0.16282591128960033 0.1331776315652758 0.002488893562979304 
0.012235219134717019 0.07488062003825123 -0.11353866949750428 0.09594619150228392 0.12186283579579918 0.16282591128960033 1 0.01487711569792483 -0.08243536727987874 
0.03679431173555375 -0.009646408468443654 0.06542645228275115 0.07317680895473916 -1.991409079846463e-05 0.1331776315652758 0.01487711569792483 1 0.04858754902782922 
-0.05174536184101933 0.0049288074692409554 0.1267388527949128 -0.09721061168035271 0.04495529113593956 0.002488893562979304 -0.08243536727987874 0.04858754902782922 1 

window=11
1 -0.11855035237656954 0.07950340263647808 0.5362734971962492 -0.04536236654651531 -0.017406906126303166 0.1373798967082654 -0.07924775381803975 -0.014453784747898666 
-0.11855035237656954 1 0.18096029556792972 -0.055250272187040296 -0.06057250578877558 0.09979664595938645 -0.1453755798365632 -0.011715054933924853 0.05593531854071567 
0.07950340263647808 0.18096029556792972 1 0.02180326537787424 -0.015704847589862094 -0.07898210674585712 -0.11422236740284003 -0.09503577139841315 -0.08247465536566789 
0.5362734971962492 -0.055250272187040296 0.02180326537787424 1 -0.005752574677660234 0.10482174693235742 0.11452498833938403 -0.13344841117144113 -0.04664832501818761 
-0.04536236654651531 -0.06057250578877558 -0.015704847589862094 -0.005752574677660234 1 0.08835788994835096 -0.07377025427469407 -0.015037616298329705 0.031750453249051715 
-0.017406906126303166 0.09979664595938645 -0.07898210674585712 0.10482174693235742 0.08835788994835096 1 0.10940466591572148 0.025528952108966118 0.0012463337464906153 
0.1373798967082654 -0.1453755798365632 -0.11422236740284003 0.11452498833938403 -0.07377025427469407 0.10940466591572148 1 0.11581903893204039 -0.07234587600638533 
-0.07924775381803975 -0.011715054933924853 -0.09503577139841315 -0.13344841117144113 -0.015037616298329705 0.025528952108966118 0.11581903893204039 1 -0.07464016977418779 
-0.014453784747898666 0.05593531854071567 -0.08247465536566789 -0.04664832501818761 0.031750453249051715 0.0012463337464906153 -0.07234587600638533 -0.07464016977418779 1 

window=12
1 -0.18653572624436843 0.012459986757144914 -0.08768892835253131 -0.059163223335837976 -0.07322108474928196 -0.038594885278544176 -0.05432881969515553 -0.042507067984442905 
-0.18653572624436843 1 0.015211007921147927 -0.07676855018576911 0.14571549861660632 0.04802173680763486 -0.04710103460102272 0.15024011966360426 -0.09763902241072553 
0.012459986757144914 0.015211007921147927 1 0.007280133575859877 -0.06160348011204854 0.0035686747282347993 0.0024237363160028785 -0.027533764540348962 -0.03639311783650186 
-0.08768892835253131 -0.07676855018576911 0.007280133575859877 1 0.14407981930843425 0.020090612986657628 0.06329678736184648 -0.10449758955421375 0.03151334200480592 
-0.059163223335837976 0.14571549861660632 -0.06160348011204854 0.14407981930843425 1 0.13983536154866455 -0.0438179989962815 0.26963763694006765 -0.1916260449471066 
-0.07322108474928196 0.04802173680763486 0.0035686747282347993 0.020090612986657628 0.13983536154866455 1 0.020777769370162315 -0.07278495210749518 -0.058323790408270786 
-0.038594885278544176 -0.04710103460102272 0.0024237363160028785 0.06329678736184648 -0.0438179989962815 0.020777769370162315 1 -0.15591331857745172 -0.018741940385922577 
-0.05432881969515553 0.15024011966360426 -0.027533764540348962 -0.10449758955421375 0.26963763694006765 -0.07278495210749518 -0.15591331857745172 1 -0.2396363100959057 
-0.042507067984442905 -0.09763902241072553 -0.03639311783650186 0.03151334200480592 -0.1916260449471066 -0.058323790408270786 -0.018741940385922577 -0.2396363100959057 1 

window=13
1 -0.04946829212738902 -0.004963672766443855 -0.04516619118045531 -0.034211895283296975 0.15627232929907756 0.012984189680252273 -0.008652897573906838 -0.03591051827778543 
-0.04946829212738902 1 -0.17333780217532052 0.15998079879775365 -0.10412689615302953 -0.13372568512803948 0.034570399640863635 -0.09085520814692985 0.049807559881386645 
-0.004963672766443855 -0.17333780217532052 1 -0.055127463527163016 -0.0024054829347342705 -0.004351914395851286 0.0617866108728637 -0.04271899507290046 0.013557209050139964 
-0.04516619118045531 0.15998079879775365 -0.055127463527163016 1 -0.03957067135532014 -0.028317477157042456 -0.03318128007676769 0.07259341248121462 -0.09888630844166907 
-0.034211895283296975 -0.10412689615302953 -0.0024054829347342705 -0.03957067135532014 1 -0.05999626957936043 0.06691017618341923 0.05411410108865625 0.055918144123705445 
0.15627232929907756 -0.13372568512803948 -0.004351914395851286 -0.028317477157042456 -0.05999626957936043 1 -0.18939749654387278 -0.07931419538566153 0.0626572300925586 
0.012984189680252273 0.034570399640863635 0.0617866108728637 -0.03318128007676769 0.06691017618341923 -0.18939749654387278 1 0.13064635666887664 0.15541850518921288 
-0.008652897573906838 -0.09085520814692985 -0.04271899507290046 0.07259341248121462 0.05411410108865625 -0.07931419538566153 0.13064635666887664 1 -0.16523662487364185 
-0.03591051827778543 0.049807559881386645 0.013557209050139964 -0.09888630844166907 0.055918144123705445 0.0626572300925586 0.15541850518921288 -0.16523662487364185 1 

window=14
1 -0.0901537378880238 0.0325366512218857 0.2196376364636573 0.014234067407667986 -0.19096242447140335 0.10260475301474636 0.14332183647215868 -0.11748605221078307 
-0.0901537378880238 1 0.09384709190743976 0.04429992494458308 -0.0229397064712527 -0.07191293561695486 0.04671533955425021 -0.027356501248962398 0.048704013192708104 
0.0325366512218857 0.09384709190743976 1 -0.03579996832787191 -0.050185137594171016 -0.013909334017474951 0.06268341401091489 -0.026392818206532012 0.04758510827619673 
0.2196376364636573 0.04429992494458308 -0.03579996832787191 1 -0.11668616558861097 -0.01020047793017185 -0.3303710451904179 0.0686863349020316 0.06506850617297158 
0.014234067407667986 -0.0229397064712527 -0.050185137594171016 -0.11668616558861097 1 0.094209878695627 -0.12044972518246971 0.03437312029016945 -0.037586430290214065 
-0.19096242447140335 -0.07191293561695486 -0.013909334017474951 -0.01020047793017185 0.094209878695627 1 -0.23325164873982246 0.15085928522404365 0.009597314052861383 
0.10260475301474636 0.04671533955425021 0.06268341401091489 -0.3303710451904179 -0.12044972518246971 -0.23325164873982246 1 -0.2702536445783671 -0.18898650947613335 
0.14332183647215868 -0.027356501248962398 -0.026392818206532012 0.0686863349020316 0.03437312029016945 0.15085928522404365 -0.2702536445783671 1 0.16325838892554712 
-0.11748605221078307 0.048704013192708104 0.04758510827619673 0.06506850617297158 -0.037586430290214065 0.009597314052861383 -0.18898650947613335 0.16325838892554712 1 

window=15
1 -0.19298398108648318 0.0280937942387995 0.011964745605407912 0.03141128634141654 -0.014323212481505946 -0.16105348472144584 -0.1261471097048093 -0.0063448252746025075 
-0.19298398108648318 1 -0.26680286286847915 0.1326070169683884 -0.04816952635276238 0.09209812276555654 -0.01739374088073402 0.16007882138474291 -0.04455066647324131 
0.0280937942387995 -0.26680286286847915 1 -0.02110389068500029 -0.08377694940644316 0.04764724938812946 -0.05085337386904775 -0.10926130764358948 0.016620060785697544 
0.011964745605407912 0.1326070169683884 -0.02110389068500029 1 0.02327126931635987 0.25851644787946354 -0.0671267537248409 0.008620091658230416 0.017183274975624357 
0.03141128634141654 -0.04816952635276238 -0.08377694940644316 0.02327126931635987 1 0.1266466961881188 0.11916986089527669 0.0680780706422435 -0.016764676089494362 
-0.014323212481505946 0.09209812276555654 0.04764724938812946 0.25851644787946354 0.1266466961881188 1 0.05662823134412545 -0.07257537529047633 0.02171532982803759 
-0.16105348472144584 -0.01739374088073402 -0.05085337386904775 -0.0671267537248409 0.11916986089527669 0.05662823134412545 1 0.049816745241734565 0.0029409118880223076 
-0.1261471097048093 0.16007882138474291 -0.10926130764358948 0.008620091658230416 0.0680780706422435 -0.07257537529047633 0.049816745241734565 1 0.4012908601984051 
-0.0063448252746025075 -0.04455066647324131 0.016620060785697544 0.017183274975624357 -0.016764676089494362 0.02171532982803759 0.0029409118880223076 0.4012908601984051 1 

window=16
1 -0.12234935848778125 -0.023247834166070458 0.06948273587350708 0.002529685864131032 -0.03728747534422018 -0.05135272739872841 0.06865047423311427 -0.03293231011849733 
-0.12234935848778125 1 0.04606366536399874 -0.16724368034406453 0.03727997111739723 0.062092418669103894 -0.1160087974039174 -0.20114019875005928 0.10236763686266043 
-0.023247834166070458 0.04606366536399874 1 0.16218864084640672 -0.12766425632916953 -0.026333195364346196 0.00860435189563764 -0.03154011528284712 -0.07698221089834657 
0.06948273587350708 -0.16724368034406453 0.16218864084640672 1 0.03137107898532551 -0.02709646732788486 0.09531346133993485 0.008008623129669063 -0.08112377665864781 
0.002529685864131032 0.03727997111739723 -0.12766425632916953 0.03137107898532551 1 0.06545808099544766 0.05162569368564201 -0.05332171684269887 -0.09046921605388385 
-0.03728747534422018 0.062092418669103894 -0.026333195364346196 -0.02709646732788486 0.06545808099544766 1 0.07688996537152565 0.045321656920930986 0.045177835929601146 
-0.05135272739872841 -0.1160087974039174 0.00860435189563764 0.09531346133993485 0.05162569368564201 0.07688996537152565 1 -0.09143342455822108 0.0011661661719322583 
0.06865047423311427 -0.20114019875005928 -0.03154011528284712 0.008008623129669063 -0.05332171684269887 0.045321656920930986 -0.09143342455822108 1 -0.008978412920838178 
-0.03293231011849733 0.10236763686266043 -0.07698221089834657 -0.08112377665864781 -0.09046921605388385 0.045177835929601146 0.0011661661719322583 -0.008978412920838178 1 

window=17
1 0.020038371491010752 0.0677941390467838 0.07329956188921422 -0.03773132685924136 -0.017670780252894206 0.04707085069549572 -0.043118655623672925 -0.007359687835602721 
0.020038371491010752 1 -0.051061677618446974 -0.08591424006522005 -0.015674607104786062 -0.05489879971515427 0.0739015746252342 0.09037515708922444 0.025358457175814884 
0.0677941390467838 -0.051061677618446974 1 -0.029071503408723113 -0.07853730398604089 0.027329166619975344 -0.016890804238244624 -0.011794300793133199 -0.009406967973545287 
0.07329956188921422 -0.08591424006522005 -0.029071503408723113 1 0.04213843886435753 0.07469952431219051 0.10226967178934904 0.029145641233015267 -0.014839754872111 
-0.03773132685924136 -0.015674607104786062 -0.07853730398604089 0.04213843886435753 1 0.06466926039882552 0.14733907293678342 0.006836292446439607 0.07909530346414119 
-0.017670780252894206 -0.05489879971515427 0.027329166619975344 0.07469952431219051 0.06466926039882552 1 0.3017200383971117 0.11049376280252143 0.11000332880656963 
0.04707085069549572 0.0739015746252342 -0.016890804238244624 0.10226967178934904 0.14733907293678342 0.3017200383971117 1 0.04450067584499582 0.03809023015560708 
-0.043118655623672925 0.09037515708922444 -0.011794300793133199 0.029145641233015267 0.006836292446439607 0.11049376280252143 0.04450067584499582 1 0.09853651843053181 
-0.007359687835602721 0.025358457175814884 -0.009406967973545287 -0.014839754872111 0.07909530346414119 0.11000332880656963 0.03809023015560708 0.09853651843053181 1 

window=18
1 -0.12638901535091826 -0.015215730078237044 0.032028588378487495 0.03293083205473374 0.1841727164187629 -0.09833383542407122 0.06305080967600567 -0.028848204729583847 
-0.12638901535091826 1 0.08911088865248784 0.0865945510823751 0.09609371128177539 0.03601701869092219 -0.06126703141054818 0.1310677846317434 0.07309622737610608 
-0.015215730078237044 0.08911088865248784 1 0.008921541535058492 0.020746201050898076 -0.024833273714750217 0.17491972796273356 -0.02191846765786097 0.23324460451935733 
0.032028588378487495 0.0865945510823751 0.008921541535058492 1 0.05540735473559127 0.017854755593990957 0.03437944626770889 0.11778680891433495 -0.05348014331505031 
0.03293083205473374 0.09609371128177539 0.020746201050898076 0.05540735473559127 1 0.026925369635721726 0.01219747678309994 -0.01768725902170169 -0.07539663625538448 
0.1841727164187629 0.03601701869092219 -0.024833273714750217 0.017854755593990957 0.026925369635721726 1 -0.2364545171219677 0.1315914354981467 0.10511116348312068 
-0.09833383542407122 -0.06126703141054818 0.17491972796273356 0.03437944626770889 0.01219747678309994 -0.2364545171219677 1 -0.045295084518439166 0.047703278083950744 
0.06305080967600567 0.1310677846317434 -0.02191846765786097 0.11778680891433495 -0.01768725902170169 0.1315914354981467 -0.045295084518439166 1 -0.16817388623512533 
-0.028848204729583847 0.07309622737610608 0.23324460451935733 -0.05348014331505031 -0.07539663625538448 0.10511116348312068 0.047703278083950744 -0.16817388623512533 1 

window=23
1 0.07747423731606463 -0.01095044902242817 0.03984702946248829 0.10313410019524526 -0.049190353373311776 -0.03651802823680802 0.08860306405972095 -0.06770961424061714 
0.07747423731606463 1 0.06881786267203362 0.08400524763971423 -0.01578371022259376 0.17247618087764865 -0.07560256724285083 -0.10901865663700186 -0.03294722184362506 
-0.01095044902242817 0.06881786267203362 1 0.10378105450204936 -0.026577662163880803 -0.10008416036049414 0.029051729590015386 -0.030735206382339612 0.03648293815060234 
0.03984702946248829 0.08400524763971423 0.10378105450204936 1 -0.0038685075531702867 0.009834202337919314 0.014658780811025817 -0.09188813842498768 0.07509284094124634 
0.10313410019524526 -0.01578371022259376 -0.026577662163880803 -0.0038685075531702867 1 0.007251399045131893 -0.07456168841564198 0.05038842645308394 0.007914628964723135 
-0.049190353373311776 0.17247618087764865 -0.10008416036049414 0.009834202337919314 0.007251399045131893 1 0.002441668845507967 0.08961127780789355 0.0008792575738674036 
-0.03651802823680802 -0.07560256724285083 0.029051729590015386 0.014658780811025817 -0.07456168841564198 0.002441668845507967 1 0.02871816607305307 0.11056889916035499 
0.08860306405972095 -0.10901865663700186 -0.030735206382339612 -0.09188813842498768 0.05038842645308394 0.08961127780789355 0.02871816607305307 1 0.011049803376421955 
-0.06770961424061714 -0.03294722184362506 0.03648293815060234 0.07509284094124634 0.007914628964723135 0.0008792575738674036 0.11056889916035499 0.011049803376421955 1 

window=24
1 0.06660703175981 0.037112325516207065 0.07986609762612185 0.13073623672878282 -0.18233062111227052 -0.1823180772517369 -0.06163025387246963 -0.07955181502350192 
0.06660703175981 1 0.21354811486991454 0.1436174988665589 0.10821152825801397 -0.1431377677456442 0.005518708380414337 0.0003247099059791878 -0.015454013942588107 
0.037112325516207065 0.21354811486991454 1 -0.17896159263895514 -0.056996365719741135 -0.17618983179476483 -0.13699152675495768 0.032546755143241936 -0.09127517670860297 
0.07986609762612185 0.1436174988665589 -0.17896159263895514 1 -0.0422139931844718 0.10823514635413595 0.15714168870513526 -0.06825476486776766 0.006257893384415148 
0.13073623672878282 0.10821152825801397 -0.056996365719741135 -0.0422139931844718 1 -0.2510108335337742 -0.0003076198743600443 0.15640004884851602 0.07547149627175666 
-0.18233062111227052 -0.1431377677456442 -0.17618983179476483 0.10823514635413595 -0.2510108335337742 1 0.015748108422948753 -0.058942122077000524 -0.06447993497065607 
-0.1823180772517369 0.005518708380414337 -0.13699152675495768 0.15714168870513526 -0.0003076198743600443 0.015748108422948753 1 -0.08263044417142233 0.04496423089221598 
-0.06163025387246963 0.0003247099059791878 0.032546755143241936 -0.06825476486776766 0.15640004884851602 -0.058942122077000524 -0.08263044417142233 1 0.5187859250131076 
-0.07955181502350192 -0.015454013942588107 -0.09127517670860297 0.006257893384415148 0.07547149627175666 -0.06447993497065607 0.04496423089221598 0.5187859250131076 1 

window=25
1 0.057225802652273436 0.01051421502434946 -3.071543944725423e-05 -0.0007653238928541737 0.021454074439666473 -0.20694526319464762 -0.11755897254901618 0.02818615582773694 
0.057225802652273436 1 0.29610042047004026 0.0767657306532249 0.10333975001712607 0.007576961286215653 -0.11731609899718858 -0.002418513931240842 -0.00041289247148139444 
0.01051421502434946 0.29610042047004026 1 0.13509402161344217 -0.04728081102533897 0.10918034102156007 0.045896402009865445 0.06886556558331401 0.00013259332183257613 
-3.071543944725423e-05 0.0767657306532249 0.13509402161344217 1 0.04945874298383252 -0.0645391059404204 -0.14001023888106517 0.061477179726323196 -0.07036947915719209 
-0.0007653238928541737 0.10333975001712607 -0.04728081102533897 0.04945874298383252 1 -0.023536049001755266 0.017010168459248295 0.026015894398352023 0.036366991013499585 
0.021454074439666473 0.007576961286215653 0.10918034102156007 -0.0645391059404204 -0.023536049001755266 1 0.08193633264316051 0.01758151435035365 0.03395174155587448 
-0.20694526319464762 -0.11731609899718858 0.045896402009865445 -0.14001023888106517 0.017010168459248295 0.08193633264316051 1 -0.034325032171193155 0.14360259404900572 
-0.11755897254901618 -0.002418513931240842 0.06886556558331401 0.061477179726323196 0.026015894398352023 0.01758151435035365 -0.034325032171193155 1 -0.027497670857980362 
0.02818615582773694 -0.00041289247148139444 0.00013259332183257613 -0.07036947915719209 0.036366991013499585 0.03395174155587448 0.14360259404900572 -0.027497670857980362 1 

window=26
1 0.04586648942428928 0.2089057788980433 0.043984734113021506 0.019255625944350874 -0.052684876012260046 -0.11475593048949922 -0.05845481056897656 -0.02702083959577113 
0.04586648942428928 1 -0.123055162754729 0.060716478068029836 -0.07048463960276302 0.03778281979889802 0.07378915146617106 0.06285757301263767 -0.12650612870665648 
0.2089057788980433 -0.123055162754729 1 0.0376685062116818 0.021359000900945793 -0.026225441212246552 -0.07761144694766324 0.07438523852474295 0.12221517490652177 
0.043984734113021506 0.060716478068029836 0.0376685062116818 1 -0.00222606403068491 0.0458685600924623 -7.94599418412691e-05 -0.03279415452562668 -0.0430955023351024 
0.019255625944350874 -0.07048463960276302 0.021359000900945793 -0.00222606403068491 1 -0.022631976885969667 -0.2746469890920626 -0.02274205598560681 -0.06554144760772106 
-0.052684876012260046 0.03778281979889802 -0.026225441212246552 0.0458685600924623 -0.022631976885969667 1 0.07852692004460962 0.10877690631579166 0.04276837509940106 
-0.11475593048949922 0.07378915146617106 -0.07761144694766324 -7.94599418412691e-05 -0.2746469890920626 0.07852692004460962 1 0.0512123505895095 -0.06410347011492669 
-0.05845481056897656 0.06285757301263767 0.07438523852474295 -0.03279415452562668 -0.02274205598560681 0.10877690631579166 0.0512123505895095 1 -0.061809750894122474 
-0.02702083959577113 -0.12650612870665648 0.12221517490652177 -0.0430955023351024 -0.06554144760772106 0.04276837509940106 -0.06410347011492669 -0.061809750894122474 1 

window=27
1 -0.19463427981410378 0.010319106116131283 0.2140911843897016 0.013345020346765626 0.016591768319735464 0.0828199206579822 0.07200237972541246 -0.06917769375306101 
-0.19463427981410378 1 -0.01641273712537834 -0.15220151837969106 0.008987337699709148 -0.003006040663998017 -0.06890052399353946 -0.09225524829057759 0.03303965983772361 
0.010319106116131283 -0.01641273712537834 1 0.14033731945854497 -0.024305677296462557 -0.04824497066201695 -0.07320012653251867 -0.08031294589199414 0.17473827552125754 
0.2140911843897016 -0.15220151837969106 0.14033731945854497 1 -0.0018443428071058306 0.016614646071810447 -0.010986950968432293 0.1521491325502119 0.04842606216542759 
0.013345020346765626 0.008987337699709148 -0.024305677296462557 -0.0018443428071058306 1 0.015006424332718914 -0.005409559388322383 -0.020301502588814573 0.003003951034841284 
0.016591768319735464 -0.003006040663998017 -0.04824497066201695 0.016614646071810447 0.015006424332718914 1 -0.00011908241209333725 0.08629766201937705 -0.021560329328476558 
0.0828199206579822 -0.06890052399353946 -0.07320012653251867 -0.010986950968432293 -0.005409559388322383 -0.00011908241209333725 1 0.015498027830683062 0.051957984387352406 
0.07200237972541246 -0.09225524829057759 -0.08031294589199414 0.1521491325502119 -0.020301502588814573 0.08629766201937705 0.015498027830683062 1 -0.10433229168998202 
-0.06917769375306101 0.03303965983772361 0.17473827552125754 0.04842606216542759 0.003003951034841284 -0.021560329328476558 0.051957984387352406 -0.10433229168998202 1 

window=28
1 -0.10818833444964177 -0.05119746730657369 -0.0794624490826265 -0.02251608163370116 -0.01390971421985417 0.11704413480400248 0.014192729929213947 -0.022073933478573258 
-0.10818833444964177 1 -0.056006834277101694 -0.17039296938287907 -0.02357542800656751 -0.021132604114314026 -0.04452279332109175 -0.16857004385224783 -0.058172231144895295 
-0.05119746730657369 -0.056006834277101694 1 0.07441776784934906 -0.06548963111005947 0.17738367374813585 -0.03427125432555663 0.08790627839438041 0.07788464668206914 
-0.0794624490826265 -0.17039296938287907 0.07441776784934906 1 0.055451281847491235 0.0010595670703456971 0.13406514062202568 0.17946879221917272 -0.11662722696159371 
-0.02251608163370116 -0.02357542800656751 -0.06548963111005947 0.055451281847491235 1 -0.13255746109123942 -0.06723494727159304 0.0364289779847838 0.04621091134564397 
-0.01390971421985417 -0.021132604114314026 0.17738367374813585 0.0010595670703456971 -0.13255746109123942 1 0.079590180064159 -0.024546630971005897 0.1372820309625968 
0.11704413480400248 -0.04452279332109175 -0.03427125432555663 0.13406514062202568 -0.06723494727159304 0.079590180064159 1 -0.05257380260218216 -0.12632619061399836 
0.014192729929213947 -0.16857004385224783 0.08790627839438041 0.17946879221917272 0.0364289779847838 -0.024546630971005897 -0.05257380260218216 1 0.06794905697934257 
-0.022073933478573258 -0.058172231144895295 0.07788464668206914 -0.11662722696159371 0.04621091134564397 0.1372820309625968 -0.12632619061399836 0.06794905697934257 1 

window=29
1 -0.15692671187260754 -0.08407131099627331 -0.3056508866771106 -0.09230219924582578 0.05191836241765168 0.024367560479500533 0.003767034596823223 0.15332003812190625 
-0.15692671187260754 1 -0.14800087236708337 0.035234134817729676 -0.06921417021648203 -0.07581364958887428 -0.03204284513814493 -0.029732034257381974 0.03314692739035219 
-0.08407131099627331 -0.14800087236708337 1 0.021981728325300886 0.1261491920776253 -0.01992981926030752 0.1949336439353642 -0.02807872045637926 -0.1401793099438143 
-0.3056508866771106 0.035234134817729676 0.021981728325300886 1 0.18641507360790865 0.17102026322395414 0.019617262030241573 -0.07760444772684769 -0.2406254802322044 
-0.09230219924582578 -0.06921417021648203 0.1261491920776253 0.18641507360790865 1 -0.49833163295018446 0.10189536685863902 0.09673213780711352 0.03006149140127479 
0.05191836241765168 -0.07581364958887428 -0.01992981926030752 0.17102026322395414 -0.49833163295018446 1 -0.2036544825106057 0.04794188806313231 -0.11592755081643302 
0.024367560479500533 -0.03204284513814493 0.1949336439353642 0.019617262030241573 0.10189536685863902 -0.2036544825106057 1 -0.04704104364901294 -0.144306951773811 
0.003767034596823223 -0.029732034257381974 -0.02807872045637926 -0.07760444772684769 0.09673213780711352 0.04794188806313231 -0.04704104364901294 1 0.034786965593992344 
0.15332003812190625 0.03314692739035219 -0.1401793099438143 -0.2406254802322044 0.03006149140127479 -0.11592755081643302 -0.144306951773811 0.034786965593992344 1 

final matrix:
1.0 -0.02207083488022972 0.03437987484683639 0.0622982934175688 0.021760439633182423 -0.015789697661375095 -0.02500409053065741 0.010337973882928647 -0.004215526295227242 
