window=0
1 0.7680301695699252 0.8484588743403214 0.8948695305843958 0.07062794724448501 -0.01691375237530825 -0.6887588844164543 -0.6829921895121507 -0.822049127949501 
0.7680301695699252 1 0.748732619843733 0.9251877585804036 0.03176576912326492 0.20695335587712485 -0.6453434654793442 -0.7332335962551524 -0.8315328339401094 
0.8484588743403214 0.748732619843733 1 0.8932460899800021 0.2861741150852117 0.11286989855066017 -0.6294214769470942 -0.8952855125438285 -0.7590369605601833 
0.8948695305843958 0.9251877585804036 0.8932460899800021 1 0.11287583558919032 0.20240505429198088 -0.6859960022409002 -0.8343533512112713 -0.8479384229249939 
0.07062794724448501 0.03176576912326492 0.2861741150852117 0.11287583558919032 1 0.1303670257909397 -0.07456038061192692 -0.3765344577737668 -0.04243216722318474 
-0.01691375237530825 0.20695335587712485 0.11286989855066017 0.20240505429198088 0.1303670257909397 1 -0.15811582541798175 -0.3516627149466087 -0.22663551910532095 
-0.6887588844164543 -0.6453434654793442 -0.6294214769470942 -0.6859960022409002 -0.07456038061192692 -0.15811582541798175 1 0.5766503542053385 0.7325034099098273 
-0.6829921895121507 -0.7332335962551524 -0.8952855125438285 -0.8343533512112713 -0.3765344577737668 -0.3516627149466087 0.5766503542053385 1 0.702463857356065 
-0.822049127949501 -0.8315328339401094 -0.7590369605601833 -0.8479384229249939 -0.04243216722318474 -0.22663551910532095 0.7325034099098273 0.702463857356065 1 

window=1
1 0.5513159231247295 0.6441423859615389 0.4407053164464579 -0.5294272624524543 0.8229172787606782 -0.14993354106979576 0.25220540108443 0.10911160958238025 
0.5513159231247295 1 0.3407894005127191 0.8149242708739813 -0.5723945828601432 0.4229050628020559 -0.06855736441825626 0.519470890235501 -0.008520471431782622 
0.6441423859615389 0.3407894005127191 1 0.2222263475473835 -0.5007856444763615 0.8059121517340545 -0.2043660105273481 0.03228768905313716 -0.20165311646289621 
0.4407053164464579 0.8149242708739813 0.2222263475473835 1 -0.5769108201833274 0.2900983205935722 -0.03718486701331645 0.6818910268291161 -0.0195168740554809 
-0.5294272624524543 -0.5723945828601432 -0.5007856444763615 -0.5769108201833274 1 -0.5040073741754074 0.28220598282232257 -0.11978370988802883 -0.01096515328423771 
0.8229172787606782 0.4229050628020559 0.8059121517340545 0.2900983205935722 -0.5040073741754074 1 -0.19965395075670272 0.08987549505745566 -0.1019137656594565 
-0.14993354106979576 -0.06855736441825626 -0.2043660105273481 -0.03718486701331645 0.28220598282232257 -0.19965395075670272 1 0.26749901054388897 0.20394122718282365 
0.25220540108443 0.519470890235501 0.03228768905313716 0.6818910268291161 -0.11978370988802883 0.08987549505745566 0.26749901054388897 1 0.1261518512710314 
0.10911160958238025 -0.008520471431782622 -0.20165311646289621 -0.0195168740554809 -0.01096515328423771 -0.1019137656594565 0.20394122718282365 0.1261518512710314 1 

window=2
1 0.8727991615719799 0.8001723637498125 0.8878840308818194 0.8107759314742561 0.05251037879357728 0.30172356613732654 0.8777440845950357 0.7629320551123219 
0.8727991615719799 1 0.7088272325422139 0.969841215332896 0.873920698748602 0.013177016088095742 0.3662172231887612 0.6801820297451168 0.7850707223781358 
0.8001723637498125 0.7088272325422139 1 0.7282578666229365 0.8501117726430402 0.05778235788847496 0.06878961560416504 0.7973915729216139 0.5214981269708097 
0.8878840308818194 0.969841215332896 0.7282578666229365 1 0.8878607002812173 0.02243893588404762 0.33580611221069834 0.6692444784059146 0.7233551279034663 
0.8107759314742561 0.873920698748602 0.8501117726430402 0.8878607002812173 1 0.018540952226310522 0.1656419694200627 0.6930005518167076 0.5669630498953976 
0.05251037879357728 0.013177016088095742 0.05778235788847496 0.02243893588404762 0.018540952226310522 1 0.006027883693765537 0.05676266647429362 -0.0030574048427552515 
0.30172356613732654 0.3662172231887612 0.06878961560416504 0.33580611221069834 0.1656419694200627 0.006027883693765537 1 0.16770452247330422 0.49139916736682576 
0.8777440845950357 0.6801820297451168 0.7973915729216139 0.6692444784059146 0.6930005518167076 0.05676266647429362 0.16770452247330422 1 0.6570763361493245 
0.7629320551123219 0.7850707223781358 0.5214981269708097 0.7233551279034663 0.5669630498953976 -0.0030574048427552515 0.49139916736682576 0.6570763361493245 1 

window=3
1 0.4965227941507425 0.32247436506683996 0.1410302331706722 0.05296864343401873 -0.02722411671906082 -0.3644374441792068 -0.5909977533602175 -0.5999523802613991 
0.4965227941507425 1 -0.003018536817286928 0.5600018184404023 -0.05113287216022278 -0.02093782526373547 -0.21782457074636558 -0.19554842101304878 -0.49052895253756185 
0.32247436506683996 -0.003018536817286928 1 -0.25276248830495845 0.31236416936158967 -0.06992445788025232 -0.3812695207045384 -0.666533126382419 -0.6093245281904972 
0.1410302331706722 0.5600018184404023 -0.25276248830495845 1 -0.13629035222416025 0.04340294853162268 -0.028281753177575135 0.1763644775903057 -0.1420126297931488 
0.05296864343401873 -0.05113287216022278 0.31236416936158967 -0.13629035222416025 1 0.2644694086543314 -0.13702814637845445 -0.613971076912656 -0.512025740580099 
-0.02722411671906082 -0.02093782526373547 -0.06992445788025232 0.04340294853162268 0.2644694086543314 1 0.029161709149336777 -0.11281006735329828 -0.024102706660480297 
-0.3644374441792068 -0.21782457074636558 -0.3812695207045384 -0.028281753177575135 -0.13702814637845445 0.029161709149336777 1 0.39238667572991875 0.4932179345893236 
-0.5909977533602175 -0.19554842101304878 -0.666533126382419 0.1763644775903057 -0.613971076912656 -0.11281006735329828 0.39238667572991875 1 0.7714809932088847 
-0.5999523802613991 -0.49052895253756185 -0.6093245281904972 -0.1420126297931488 -0.512025740580099 -0.024102706660480297 0.4932179345893236 0.7714809932088847 1 

window=4
1 0.9189473674955972 0.8526798305107064 0.847738485340525 0.8836957412287479 -0.9208545498523996 -0.48738752140622754 -0.8521405402494 -0.9408397872154299 
0.9189473674955972 1 0.6804840326908981 0.8895232734302999 0.7787711632972354 -0.8375772845069243 -0.5208537210253863 -0.734505474239777 -0.9215009980398133 
0.8526798305107064 0.6804840326908981 1 0.6584527350034082 0.902873705259446 -0.8944313416693004 -0.36179379264944284 -0.9559932894204656 -0.8070022956744867 
0.847738485340525 0.8895232734302999 0.6584527350034082 1 0.7323177839096277 -0.7914274932277291 -0.6046175753135911 -0.6976874391868902 -0.9275913916929124 
0.8836957412287479 0.7787711632972354 0.902873705259446 0.7323177839096277 1 -0.9652827904570924 -0.4279725195454835 -0.9343286551316614 -0.8642784095014194 
-0.9208545498523996 -0.8375772845069243 -0.8944313416693004 -0.7914274932277291 -0.9652827904570924 1 0.44368848756098866 0.9296455725319591 0.8979871249962781 
-0.48738752140622754 -0.5208537210253863 -0.36179379264944284 -0.6046175753135911 -0.4279725195454835 0.44368848756098866 1 0.3842714633787303 0.5528184922700233 
-0.8521405402494 -0.734505474239777 -0.9559932894204656 -0.6976874391868902 -0.9343286551316614 0.9296455725319591 0.3842714633787303 1 0.8289690423130973 
-0.9408397872154299 -0.9215009980398133 -0.8070022956744867 -0.9275913916929124 -0.8642784095014194 0.8979871249962781 0.5528184922700233 0.8289690423130973 1 

window=5
1 -0.5164401368483394 0.16609939576422028 -0.5785372304504578 0.1694928335997605 0.24447287582671018 -0.32806057822777956 0.22194080020560963 -0.328469877441786 
-0.5164401368483394 1 -0.3314459141287863 0.8825788083686757 -0.5340118014948788 0.27936489404148546 0.349360938125938 0.0967688412944144 0.7394800134900806 
0.16609939576422028 -0.3314459141287863 1 -0.37963153371106645 0.4219525016739911 -0.043934249173506176 0.06962892005903544 -0.5048046554828166 -0.5315887897847441 
-0.5785372304504578 0.8825788083686757 -0.37963153371106645 1 -0.6716307074595069 0.13310535816699412 0.2984109069726444 0.1729453009654554 0.7738404490810612 
0.1694928335997605 -0.5340118014948788 0.4219525016739911 -0.6716307074595069 1 -0.19978851051929822 -0.012635622887303233 -0.2541533007871507 -0.7327445672818135 
0.24447287582671018 0.27936489404148546 -0.043934249173506176 0.13310535816699412 -0.19978851051929822 1 -0.2726371190633911 -0.02942953252157167 0.14974948423887596 
-0.32806057822777956 0.349360938125938 0.06962892005903544 0.2984109069726444 -0.012635622887303233 -0.2726371190633911 1 -0.020076946845605223 0.22379361173215845 
0.22194080020560963 0.0967688412944144 -0.5048046554828166 0.1729453009654554 -0.2541533007871507 -0.02942953252157167 -0.020076946845605223 1 0.31249284365433944 
-0.328469877441786 0.7394800134900806 -0.5315887897847441 0.7738404490810612 -0.7327445672818135 0.14974948423887596 0.22379361173215845 0.31249284365433944 1 

window=6
1 0.6754505228823755 0.8114875244151655 -0.5742632711081427 0.8301262152569764 0.46449579923456047 0.3888306611716906 0.2879996705442802 -0.13978511210873704 
0.6754505228823755 1 0.40245556641375857 -0.2739937740436527 0.5939307063821218 0.3774384632035616 0.3909457999191085 0.2844119909029793 -0.030087674452369338 
0.8114875244151655 0.40245556641375857 1 -0.597641027492987 0.7465293548885383 0.2408593417207678 0.2218227776588027 0.2792741564285103 -0.17994868698875824 
-0.5742632711081427 -0.2739937740436527 -0.597641027492987 1 -0.6813015815314356 -0.15233385023867882 -0.21144311542912614 -0.2988150192315901 0.19512149820336716 
0.8301262152569764 0.5939307063821218 0.7465293548885383 -0.6813015815314356 1 0.42694277008730186 0.33192334378644106 0.443946373700817 -0.22860631123237904 
0.46449579923456047 0.3774384632035616 0.2408593417207678 -0.15233385023867882 0.42694277008730186 1 0.2111353914313423 0.30998441570903185 -0.44661295488880987 
0.3888306611716906 0.3909457999191085 0.2218227776588027 -0.21144311542912614 0.33192334378644106 0.2111353914313423 1 0.15340404856468942 -0.06333875062156087 
0.2879996705442802 0.2844119909029793 0.2792741564285103 -0.2988150192315901 0.443946373700817 0.30998441570903185 0.15340404856468942 1 -0.4098650236582744 
-0.13978511210873704 -0.030087674452369338 -0.17994868698875824 0.19512149820336716 -0.22860631123237904 -0.44661295488880987 -0.06333875062156087 -0.4098650236582744 1 

window=7
1 0.50246610750051 0.18769364400432104 0.5838585271104276 -0.48367242487269735 0.7002784146300427 -0.19414212995184177 0.5706312528057802 0.4148416354707195 
0.50246610750051 1 0.2644028205655516 0.9378982092644009 -0.44894020114065875 0.839797038627725 -0.407308799342524 0.663129873325179 0.9051080389862153 
0.18769364400432104 0.2644028205655516 1 0.2705093217987963 -0.15603232536130693 0.3718798092652937 -0.1936463670187445 0.5609560849992464 0.1331977455288879 
0.5838585271104276 0.9378982092644009 0.2705093217987963 1 -0.5290301710135124 0.8725305150914437 -0.32441151052508915 0.6904344543563086 0.8626565991170656 
-0.48367242487269735 -0.44894020114065875 -0.15603232536130693 -0.5290301710135124 1 -0.6240313258104726 0.10444976879398032 -0.5567999903699725 -0.4578932321367742 
0.7002784146300427 0.839797038627725 0.3718798092652937 0.8725305150914437 -0.6240313258104726 1 -0.41417945408263007 0.8623465708608322 0.7018310333033743 
-0.19414212995184177 -0.407308799342524 -0.1936463670187445 -0.32441151052508915 0.10444976879398032 -0.41417945408263007 1 -0.3662775810677952 -0.2973924257284802 
0.5706312528057802 0.663129873325179 0.5609560849992464 0.6904344543563086 -0.5567999903699725 0.8623465708608322 -0.3662775810677952 1 0.5014392568766368 
0.4148416354707195 0.9051080389862153 0.1331977455288879 0.8626565991170656 -0.4578932321367742 0.7018310333033743 -0.2973924257284802 0.5014392568766368 1 

window=8
1 -0.25442176251124754 0.8464286873129554 -0.7891694296859268 0.9095551827652051 -0.6846124714133399 0.5650731352076092 0.40969280277924075 -0.0026714612788280518 
-0.25442176251124754 1 -0.3580946065694639 0.20755594926511972 -0.33317273393030283 -0.2676390269973372 -0.34482660191897097 -0.7316409678508795 -0.6683674442000764 
0.8464286873129554 -0.3580946065694639 1 -0.7641987105162844 0.8063555619529812 -0.469914315079479 0.6036877218943626 0.5354372831915967 0.26166824008641376 
-0.7891694296859268 0.20755594926511972 -0.7641987105162844 1 -0.7711917095650626 0.5025349709095179 -0.5736662761506399 -0.5072564161370118 -0.14159240347917504 
0.9095551827652051 -0.33317273393030283 0.8063555619529812 -0.7711917095650626 1 -0.7201469846788031 0.6046413926745925 0.5082134999290314 0.15551379754065656 
-0.6846124714133399 -0.2676390269973372 -0.469914315079479 0.5025349709095179 -0.7201469846788031 1 -0.24561879005794476 0.18996044811712243 0.4227839887800914 
0.5650731352076092 -0.34482660191897097 0.6036877218943626 -0.5736662761506399 0.6046413926745925 -0.24561879005794476 1 0.5595572804334485 0.2970285155860234 
0.40969280277924075 -0.7316409678508795 0.5354372831915967 -0.5072564161370118 0.5082134999290314 0.18996044811712243 0.5595572804334485 1 0.7426130189370204 
-0.0026714612788280518 -0.6683674442000764 0.26166824008641376 -0.14159240347917504 0.15551379754065656 0.4227839887800914 0.2970285155860234 0.7426130189370204 1 

window=9
1 0.7497474690245989 0.7062688842751589 0.7165473674417975 -0.3348772372696167 -0.42621018143968564 -0.6720773300078718 -0.5873257010545684 -0.7479309229616553 
0.7497474690245989 1 0.8035926583909766 0.845934001507866 -0.009933879832813772 -0.733348174750567 -0.8641118904289207 -0.7764160891326555 -0.871969058532079 
0.7062688842751589 0.8035926583909766 1 0.7316946531194788 0.0018667767875679938 -0.6587128629745146 -0.7189751278330246 -0.7943148320327317 -0.8265968946294258 
0.7165473674417975 0.845934001507866 0.7316946531194788 1 0.06076081489763011 -0.8316727468849368 -0.8143724277978477 -0.8717876356379924 -0.9102881565839602 
-0.3348772372696167 -0.009933879832813772 0.0018667767875679938 0.06076081489763011 1 -0.20435400923130692 -0.048562872924692475 -0.2645381811293524 -0.0874517341771238 
-0.42621018143968564 -0.733348174750567 -0.6587128629745146 -0.8316727468849368 -0.20435400923130692 1 0.7449927752833584 0.8948305503663886 0.8185637680564106 
-0.6720773300078718 -0.8641118904289207 -0.7189751278330246 -0.8143724277978477 -0.048562872924692475 0.7449927752833584 1 0.7852385773945821 0.8653548643357729 
-0.5873257010545684 -0.7764160891326555 -0.7943148320327317 -0.8717876356379924 -0.2645381811293524 0.8948305503663886 0.7852385773945821 1 0.9184042775200757 
-0.7479309229616553 -0.871969058532079 -0.8265968946294258 -0.9102881565839602 -0.0874517341771238 0.8185637680564106 0.8653548643357729 0.9184042775200757 1 

window=10
1 0.14483235007319326 0.7964514942450498 -0.3004399275524281 -0.05855405177508118 -0.11190495337541814 0.008369147736358593 -0.22274453461646418 0.06555010844805509 
0.14483235007319326 1 0.3457691235456704 0.36003969165418076 -0.6237154420335126 -0.7221369243033828 0.1315906831599065 0.592180417012632 0.125696271154231 
0.7964514942450498 0.3457691235456704 1 -0.1061858684876675 -0.2695444147730812 -0.2774222243561598 0.05450967025150546 -0.05315858912624106 0.04552902854622076 
-0.3004399275524281 0.36003969165418076 -0.1061858684876675 1 -0.6993056714545429 -0.3499274293203158 0.14512919234640492 0.6840469063900235 0.003540068594690411 
-0.05855405177508118 -0.6237154420335126 -0.2695444147730812 -0.6993056714545429 1 0.5264893290725648 -0.18561473436907097 -0.7889451712102727 -0.06527186373137478 
-0.11190495337541814 -0.7221369243033828 -0.2774222243561598 -0.3499274293203158 0.5264893290725648 1 -0.10341474444102276 -0.4710991033906602 -0.14487197269829785 
0.008369147736358593 0.1315906831599065 0.05450967025150546 0.14512919234640492 -0.18561473436907097 -0.10341474444102276 1 0.15078195868790928 -0.07800291749176533 
-0.22274453461646418 0.592180417012632 -0.05315858912624106 0.6840469063900235 -0.7889451712102727 -0.4710991033906602 0.15078195868790928 1 0.26912786075662737 
0.06555010844805509 0.125696271154231 0.04552902854622076 0.003540068594690411 -0.06527186373137478 -0.14487197269829785 -0.07800291749176533 0.26912786075662737 1 

window=11
1 -0.024102917800299627 0.23593259414685175 -0.08733156190798919 -0.3219953505408212 -0.251914933882794 -0.10307273787401156 0.021685734596749308 -0.11974097249978297 
-0.024102917800299627 1 0.43171529719852614 0.9102470102315711 -0.4400532446474162 -0.7094597181051265 -0.5960796178831302 -0.10380940306363956 -0.7154231662539111 
0.23593259414685175 0.43171529719852614 1 0.40610234228356945 -0.37163126537460506 -0.44987190254472703 -0.4122213895082108 0.05138894102475845 -0.472519272127851 
-0.08733156190798919 0.9102470102315711 0.40610234228356945 1 -0.4507160511914119 -0.582478927155448 -0.5612467576891074 0.08910391186457453 -0.6336548190301977 
-0.3219953505408212 -0.4400532446474162 -0.37163126537460506 -0.4507160511914119 1 0.23725298854379537 0.6809277154724858 -0.05373317596139931 0.4673863639208413 
-0.251914933882794 -0.7094597181051265 -0.44987190254472703 -0.582478927155448 0.23725298854379537 1 0.32251346091914346 0.1875184144968167 0.5016490138136968 
-0.10307273787401156 -0.5960796178831302 -0.4122213895082108 -0.5612467576891074 0.6809277154724858 0.32251346091914346 1 -0.04883447293050716 0.648763879172382 
0.021685734596749308 -0.10380940306363956 0.05138894102475845 0.08910391186457453 -0.05373317596139931 0.1875184144968167 -0.04883447293050716 1 -0.03462100695254097 
-0.11974097249978297 -0.7154231662539111 -0.472519272127851 -0.6336548190301977 0.4673863639208413 0.5016490138136968 0.648763879172382 -0.03462100695254097 1 

window=12
1 -0.3047741645889183 0.7740320644438544 -0.81233736135265 0.8954674457024793 0.7094820983700888 0.38190885225109483 0.6848615205893653 0.7307828058647251 
-0.3047741645889183 1 -0.5330143956097808 0.13962432392221164 -0.4812668093668849 -0.2943702664780117 -0.1959051646064797 -0.3174836113876566 -0.2859998879618124 
0.7740320644438544 -0.5330143956097808 1 -0.7179822836222518 0.8945080819888411 0.6355555432027383 0.4400066263840654 0.8481672206782145 0.5379657644257874 
-0.81233736135265 0.13962432392221164 -0.7179822836222518 1 -0.7596545371326311 -0.509521759976271 -0.3475535643453866 -0.6895867932168369 -0.5065064686788311 
0.8954674457024793 -0.4812668093668849 0.8945080819888411 -0.7596545371326311 1 0.8088695372383112 0.44109686999495734 0.7805296643298902 0.63975214771157 
0.7094820983700888 -0.2943702664780117 0.6355555432027383 -0.509521759976271 0.8088695372383112 1 0.41675198952346965 0.7819323164807414 0.5882003513769463 
0.38190885225109483 -0.1959051646064797 0.4400066263840654 -0.3475535643453866 0.44109686999495734 0.41675198952346965 1 0.4762625383476296 0.27375678166286926 
0.6848615205893653 -0.3174836113876566 0.8481672206782145 -0.6895867932168369 0.7805296643298902 0.7819323164807414 0.4762625383476296 1 0.49139834891543877 
0.7307828058647251 -0.2859998879618124 0.5379657644257874 -0.5065064686788311 0.63975214771157 0.5882003513769463 0.27375678166286926 0.49139834891543877 1 

window=13
1 -0.09121783805177071 0.40783968562016704 -0.10998308749409211 -0.11854960191523044 0.24605975317150786 0.21630730324361927 0.3337175526510096 0.37515319406927966 
-0.09121783805177071 1 0.1914387195187486 0.910547739534851 -0.44343860558161646 0.16484773392028715 0.7061702711512892 0.6198055478881359 0.4031298947045737 
0.40783968562016704 0.1914387195187486 1 0.20350863264813515 -0.2653000612788286 0.27049387836296873 0.35907065593448423 0.4984172599466267 0.31700604693985096 
-0.10998308749409211 0.910547739534851 0.20350863264813515 1 -0.565687969532521 0.08833095377754308 0.6718217216151907 0.54217467773863 0.3193968415690269 
-0.11854960191523044 -0.44343860558161646 -0.2653000612788286 -0.565687969532521 1 0.3689133273005913 -0.4207573709108167 -0.20609324397589676 -0.009714853743339137 
0.24605975317150786 0.16484773392028715 0.27049387836296873 0.08833095377754308 0.3689133273005913 1 0.256004224128751 0.5947740325207262 0.6751225068733657 
0.21630730324361927 0.7061702711512892 0.35907065593448423 0.6718217216151907 -0.4207573709108167 0.256004224128751 1 0.7708152448281603 0.6214221730407302 
0.3337175526510096 0.6198055478881359 0.4984172599466267 0.54217467773863 -0.20609324397589676 0.5947740325207262 0.7708152448281603 1 0.8597870502932353 
0.37515319406927966 0.4031298947045737 0.31700604693985096 0.3193968415690269 -0.009714853743339137 0.6751225068733657 0.6214221730407302 0.8597870502932353 1 

window=14
1 0.012112721249831508 0.7790242932644696 -0.8025237581326159 0.8575184008657898 -0.84710446712978 -0.7406214013742031 -0.7646502377021615 -0.9363667557629378 
0.012112721249831508 1 -0.12050945547106223 -0.08327644482605888 -0.09641153358400942 0.1860081447585822 -0.10054917159154146 0.2952323726560577 -0.022189618502303634 
0.7790242932644696 -0.12050945547106223 1 -0.7864137311185699 0.8846420969419683 -0.8700157746688992 -0.6088933723054082 -0.9225713425527386 -0.7880832533300377 
-0.8025237581326159 -0.08327644482605888 -0.7864137311185699 1 -0.7695804542181379 0.7851439217269617 0.6505655647162054 0.7338680375818689 0.7741303814879203 
0.8575184008657898 -0.09641153358400942 0.8846420969419683 -0.7695804542181379 1 -0.9622386721270726 -0.6627197879354838 -0.8970507681947598 -0.8437078641611311 
-0.84710446712978 0.1860081447585822 -0.8700157746688992 0.7851439217269617 -0.9622386721270726 1 0.6445505634072867 0.9350298111145022 0.8133121421955424 
-0.7406214013742031 -0.10054917159154146 -0.6088933723054082 0.6505655647162054 -0.6627197879354838 0.6445505634072867 1 0.5765288518843856 0.7786176463896851 
-0.7646502377021615 0.2952323726560577 -0.9225713425527386 0.7338680375818689 -0.8970507681947598 0.9350298111145022 0.5765288518843856 1 0.7496877969819146 
-0.9363667557629378 -0.022189618502303634 -0.7880832533300377 0.7741303814879203 -0.8437078641611311 0.8133121421955424 0.7786176463896851 0.7496877969819146 1 

window=15
1 -0.4083302443999395 0.668804238642408 -0.4661469525115579 -0.011706741397635681 0.08444415881518338 -0.07260139088840382 -0.13561614160020563 -0.5168262232450622 
-0.4083302443999395 1 -0.02656261191023818 0.8830890942013742 -0.5155681112864227 0.5444205065484363 0.06904786639603512 0.4157885093364918 0.613119203031822 
0.668804238642408 -0.02656261191023818 1 -0.05296363912266878 -0.1496200202479165 0.18730259404326027 0.011226648156444932 -0.13052711985635115 -0.2419079229318261 
-0.4661469525115579 0.8830890942013742 -0.05296363912266878 1 -0.6275048076965971 0.5208067638957836 -0.01355808599660426 0.5380677688341856 0.6900698678768609 
-0.011706741397635681 -0.5155681112864227 -0.1496200202479165 -0.6275048076965971 1 -0.4337660260798618 0.10353456093772337 -0.5023828997004097 -0.3775863871044965 
0.08444415881518338 0.5444205065484363 0.18730259404326027 0.5208067638957836 -0.4337660260798618 1 -0.12185107349747377 0.22843918983414305 0.1316688203032211 
-0.07260139088840382 0.06904786639603512 0.011226648156444932 -0.01355808599660426 0.10353456093772337 -0.12185107349747377 1 -0.08164649669353208 0.12685905621450658 
-0.13561614160020563 0.4157885093364918 -0.13052711985635115 0.5380677688341856 -0.5023828997004097 0.22843918983414305 -0.08164649669353208 1 0.6463174439467271 
-0.5168262232450622 0.613119203031822 -0.2419079229318261 0.6900698678768609 -0.3775863871044965 0.1316688203032211 0.12685905621450658 0.6463174439467271 1 

window=16
1 0.27460488458673543 0.8567456681584045 -0.689050877872194 0.9290105546799667 -0.4185288383095153 -0.6081726414220221 -0.6269916718050337 -0.7863352391951188 
0.27460488458673543 1 0.1645314309542596 -0.2735784056237187 0.1923947996907551 0.06920700541162714 -0.31286116952473314 -0.030261448622661318 -0.41513909621353956 
0.8567456681584045 0.1645314309542596 1 -0.7572667064190403 0.8840780706658039 -0.47632437605184014 -0.47628198553339607 -0.7054854526707892 -0.650408939029246 
-0.689050877872194 -0.2735784056237187 -0.7572667064190403 1 -0.7316980762072792 0.4606288578667865 0.26035621448526897 0.670229349672259 0.5007367252390299 
0.9290105546799667 0.1923947996907551 0.8840780706658039 -0.7316980762072792 1 -0.4354181413557941 -0.49447435641163556 -0.641571357867805 -0.7447786992153906 
-0.4185288383095153 0.06920700541162714 -0.47632437605184014 0.4606288578667865 -0.4354181413557941 1 -0.018213453116686745 0.6290360236673153 -0.004548151180562337 
-0.6081726414220221 -0.31286116952473314 -0.47628198553339607 0.26035621448526897 -0.49447435641163556 -0.018213453116686745 1 0.17161781346407592 0.631935992013329 
-0.6269916718050337 -0.030261448622661318 -0.7054854526707892 0.670229349672259 -0.641571357867805 0.6290360236673153 0.17161781346407592 1 0.3230633001507478 
-0.7863352391951188 -0.41513909621353956 -0.650408939029246 0.5007367252390299 -0.7447786992153906 -0.004548151180562337 0.631935992013329 0.3230633001507478 1 

window=17
1 0.2203840862933592 0.9394688734039942 -0.7811989922360506 0.2591412945076822 -0.5439343655869531 -0.16323008870804773 -0.6403632838659402 -0.35036260501381905 
0.2203840862933592 1 0.11344445231761187 -0.4466314676172975 -0.10538436614851523 -0.6061055640668741 -0.08659321680243613 -0.42920741793493683 -0.5003420931010033 
0.9394688734039942 0.11344445231761187 1 -0.6452135844974943 0.1675943799889015 -0.4246861668750445 -0.1397498810752195 -0.5694165255858896 -0.17474200041005938 
-0.7811989922360506 -0.4466314676172975 -0.6452135844974943 1 -0.49885469308120955 0.8304590349082053 0.27864922299623873 0.8171123225060732 0.7149288836071629 
0.2591412945076822 -0.10538436614851523 0.1675943799889015 -0.49885469308120955 1 -0.34790736333820754 -0.2732402667280457 -0.506666875561053 -0.4021627974900874 
-0.5439343655869531 -0.6061055640668741 -0.4246861668750445 0.8304590349082053 -0.34790736333820754 1 0.29477947950872757 0.8443289680730596 0.6695096323879339 
-0.16323008870804773 -0.08659321680243613 -0.1397498810752195 0.27864922299623873 -0.2732402667280457 0.29477947950872757 1 0.36143440543248234 0.2656826428827593 
-0.6403632838659402 -0.42920741793493683 -0.5694165255858896 0.8171123225060732 -0.506666875561053 0.8443289680730596 0.36143440543248234 1 0.5593814159629482 
-0.35036260501381905 -0.5003420931010033 -0.17474200041005938 0.7149288836071629 -0.4021627974900874 0.6695096323879339 0.2656826428827593 0.5593814159629482 1 

window=18
1 0.9353874453254738 0.7581164824851395 -0.06609154308249987 0.8469686209929568 -0.26870822592882737 0.812983968080208 0.6617000768642443 0.614643839704437 
0.9353874453254738 1 0.8102944856912037 -0.10339978304803643 0.9171920627322769 -0.30127002049811724 0.8292060172924733 0.6981192249961784 0.6115212019496244 
0.7581164824851395 0.8102944856912037 1 -0.09664287914286447 0.8175572966244156 -0.1840026009413276 0.842066248889859 0.802417606617898 0.7394924889917045 
-0.06609154308249987 -0.10339978304803643 -0.09664287914286447 1 -0.19644501903687397 -0.6329027957853961 -0.16885959392964175 -0.27012538226698773 -0.34597642519075456 
0.8469686209929568 0.9171920627322769 0.8175572966244156 -0.19644501903687397 1 -0.2716722933249082 0.7972101024275569 0.7213151573162054 0.669143546918138 
-0.26870822592882737 -0.30127002049811724 -0.1840026009413276 -0.6329027957853961 -0.2716722933249082 1 -0.07792320560763362 0.22265739042661675 0.30001510771406376 
0.812983968080208 0.8292060172924733 0.842066248889859 -0.16885959392964175 0.7972101024275569 -0.07792320560763362 1 0.8269901936425119 0.7692217923147346 
0.6617000768642443 0.6981192249961784 0.802417606617898 -0.27012538226698773 0.7213151573162054 0.22265739042661675 0.8269901936425119 1 0.9568760206662409 
0.614643839704437 0.6115212019496244 0.7394924889917045 -0.34597642519075456 0.669143546918138 0.30001510771406376 0.7692217923147346 0.9568760206662409 1 

window=19
1 0.09133022471676204 0.5558767098019629 -0.3975233671014206 -0.14378839127632848 0.31252202745696234 0.07449319539464107 0.47212050511993464 0.12946344354762626 
0.09133022471676204 1 0.37786056462142803 -0.4717906565929288 -0.6143156757255059 0.7577613494094196 0.42265905529360775 0.5853672210814206 0.6909743820026919 
0.5558767098019629 0.37786056462142803 1 -0.5318220726183861 -0.31864860287820673 0.5330086593128337 0.2215098739750576 0.5143780662505774 0.3117155715555216 
-0.3975233671014206 -0.4717906565929288 -0.5318220726183861 1 0.49821088876667197 -0.6899957091780748 -0.23296614411492583 -0.6229085025305134 -0.2783855542916064 
-0.14378839127632848 -0.6143156757255059 -0.31864860287820673 0.49821088876667197 1 -0.7930771301996341 -0.39237160146354566 -0.6056878860122644 -0.6544642083755275 
0.31252202745696234 0.7577613494094196 0.5330086593128337 -0.6899957091780748 -0.7930771301996341 1 0.4939854940956491 0.8388510607178622 0.7780255538699203 
0.07449319539464107 0.42265905529360775 0.2215098739750576 -0.23296614411492583 -0.39237160146354566 0.4939854940956491 1 0.4516137322959993 0.5434346293324619 
0.47212050511993464 0.5853672210814206 0.5143780662505774 -0.6229085025305134 -0.6056878860122644 0.8388510607178622 0.4516137322959993 1 0.6411320168506753 
0.12946344354762626 0.6909743820026919 0.3117155715555216 -0.2783855542916064 -0.6544642083755275 0.7780255538699203 0.5434346293324619 0.6411320168506753 1 

window=20
1 0.26578518395855355 0.5025797862105487 0.25988603556165885 -0.34569030387564686 0.4147689385670922 -0.07416371900798599 -0.5183393579950593 -0.22047013188595807 
0.26578518395855355 1 0.780891327507247 0.9269242858171589 -0.2830805416400524 0.6753334800957009 -0.20807867166164215 -0.7674484073849905 0.24304833496747635 
0.5025797862105487 0.780891327507247 1 0.7953011860604917 -0.3991557215827243 0.7069767290116935 -0.1822806268941986 -0.9460095384974344 -0.17791490174073318 
0.25988603556165885 0.9269242858171589 0.7953011860604917 1 -0.357328487949018 0.6335766567591783 -0.20037274475830993 -0.774920714517491 0.2107539217975464 
-0.34569030387564686 -0.2830805416400524 -0.3991557215827243 -0.357328487949018 1 -0.2630753522779258 0.11821264623768885 0.45115705021625424 -0.22909048582450378 
0.4147689385670922 0.6753334800957009 0.7069767290116935 0.6335766567591783 -0.2630753522779258 1 -0.18085661329838823 -0.7725065106738581 -0.01381667310934553 
-0.07416371900798599 -0.20807867166164215 -0.1822806268941986 -0.20037274475830993 0.11821264623768885 -0.18085661329838823 1 0.18945579290399672 -0.09714703377729456 
-0.5183393579950593 -0.7674484073849905 -0.9460095384974344 -0.774920714517491 0.45115705021625424 -0.7725065106738581 0.18945579290399672 1 0.11674944094774813 
-0.22047013188595807 0.24304833496747635 -0.17791490174073318 0.2107539217975464 -0.22909048582450378 -0.01381667310934553 -0.09714703377729456 0.11674944094774813 1 

window=21
1 -0.440253519666712 0.5860724129644405 -0.5927548548944741 0.9121966434939575 -0.7674786683447656 -0.4919020176418539 -0.3369269227676365 -0.7151438211512712 
-0.440253519666712 1 -0.3022663499080971 -0.10381109839934301 -0.49435860937998116 0.3099859856075596 0.283607977725345 -0.11601132397253688 0.04827708579792822 
0.5860724129644405 -0.3022663499080971 1 -0.340050188936961 0.6310576803227192 -0.6407864599090998 -0.3483010015424788 -0.40884879732270074 -0.3453830441000709 
-0.5927548548944741 -0.10381109839934301 -0.340050188936961 1 -0.5846782556963306 0.4096874627965837 0.210515916861219 0.3638602336807339 0.7101370891422376 
0.9121966434939575 -0.49435860937998116 0.6310576803227192 -0.5846782556963306 1 -0.8010336388045591 -0.447186101204305 -0.33946376210367046 -0.6319759117911673 
-0.7674786683447656 0.3099859856075596 -0.6407864599090998 0.4096874627965837 -0.8010336388045591 1 0.481711207501918 0.6627777956257326 0.4220029336595256 
-0.4919020176418539 0.283607977725345 -0.3483010015424788 0.210515916861219 -0.447186101204305 0.481711207501918 1 0.28699813996110274 0.26127772640870733 
-0.3369269227676365 -0.11601132397253688 -0.40884879732270074 0.3638602336807339 -0.33946376210367046 0.6627777956257326 0.28699813996110274 1 0.24087748322888541 
-0.7151438211512712 0.04827708579792822 -0.3453830441000709 0.7101370891422376 -0.6319759117911673 0.4220029336595256 0.26127772640870733 0.24087748322888541 1 

window=22
1 -0.2582980750435874 0.8461727425135664 -0.7389806082986534 0.3508350845327074 -0.4724094847589426 -0.3843290483754018 -0.4541667023728176 -0.43507274594031065 
-0.2582980750435874 1 -0.2788026750464651 0.3375864734167291 -0.4016572849889842 0.6201319618687711 0.2610995808078605 0.5445971052869999 0.27470766855803236 
0.8461727425135664 -0.2788026750464651 1 -0.41298249859069464 0.15412088834235035 -0.27027061767361393 -0.1981193056033528 -0.3905768270249508 -0.19314373895648737 
-0.7389806082986534 0.3375864734167291 -0.41298249859069464 1 -0.6421634024583452 0.763268187762891 0.6255546849021643 0.6914234684749787 0.7597173694379163 
0.3508350845327074 -0.4016572849889842 0.15412088834235035 -0.6421634024583452 1 -0.5225635541636652 -0.4924638164284538 -0.5767202729391258 -0.5907111447708516 
-0.4724094847589426 0.6201319618687711 -0.27027061767361393 0.763268187762891 -0.5225635541636652 1 0.6373422380712628 0.8429707410478169 0.8079995724984268 
-0.3843290483754018 0.2610995808078605 -0.1981193056033528 0.6255546849021643 -0.4924638164284538 0.6373422380712628 1 0.611040799126442 0.7267482413853756 
-0.4541667023728176 0.5445971052869999 -0.3905768270249508 0.6914234684749787 -0.5767202729391258 0.8429707410478169 0.611040799126442 1 0.7560305505035803 
-0.43507274594031065 0.27470766855803236 -0.19314373895648737 0.7597173694379163 -0.5907111447708516 0.8079995724984268 0.7267482413853756 0.7560305505035803 1 

window=23
1 0.886821982559988 0.8695974691358982 -0.7173017741714497 0.9398173270985766 0.0014927710008600143 0.8272582567302565 0.8731499642941315 0.9429587429915589 
0.886821982559988 1 0.6732541845623188 -0.6745579907955868 0.7902955012364093 -0.0017320734389439064 0.8393267867934601 0.6913604274689927 0.8379471586113116 
0.8695974691358982 0.6732541845623188 1 -0.6928230918911349 0.9075105626481498 -0.00016459744013861864 0.7135578127655441 0.9611492033200522 0.9020673437356476 
-0.7173017741714497 -0.6745579907955868 -0.6928230918911349 1 -0.7915657065295013 0.00022475263650802735 -0.6044347333107487 -0.7466441554719888 -0.822164899146168 
0.9398173270985766 0.7902955012364093 0.9075105626481498 -0.7915657065295013 1 0.0013013613989458135 0.76164715841145 0.9306896500406571 0.9526992986040599 
0.0014927710008600143 -0.0017320734389439064 -0.00016459744013861864 0.00022475263650802735 0.0013013613989458135 1 0.0014194195706712762 -0.005682638999560439 0.0016064779186309025 
0.8272582567302565 0.8393267867934601 0.7135578127655441 -0.6044347333107487 0.76164715841145 0.0014194195706712762 1 0.7017015323422131 0.7917981976465844 
0.8731499642941315 0.6913604274689927 0.9611492033200522 -0.7466441554719888 0.9306896500406571 -0.005682638999560439 0.7017015323422131 1 0.9139018664339374 
0.9429587429915589 0.8379471586113116 0.9020673437356476 -0.822164899146168 0.9526992986040599 0.0016064779186309025 0.7917981976465844 0.9139018664339374 1 

window=25
1 0.9182014351675024 0.8836377598029341 -0.6807957004587581 0.9335251782104739 0.3690464241267432 -0.20610421391396952 0.36333124760358465 0.24818508362347727 
0.9182014351675024 1 0.7682594240006012 -0.595394139331008 0.8728630546371805 0.2392943016194799 -0.2128097464215377 0.4464595940505447 0.45910876521484667 
0.8836377598029341 0.7682594240006012 1 -0.6849341550058943 0.900839170466179 0.35219525112431793 -0.17354223187531329 0.4578654505371429 -0.022251269243337368 
-0.6807957004587581 -0.595394139331008 -0.6849341550058943 1 -0.687530175378258 -0.1543245715215006 0.13283311367356676 -0.14768210196947182 -0.03058042985780671 
0.9335251782104739 0.8728630546371805 0.900839170466179 -0.687530175378258 1 0.38708923179397037 -0.1889071872359749 0.3421486077760484 0.18257632569944382 
0.3690464241267432 0.2392943016194799 0.35219525112431793 -0.1543245715215006 0.38708923179397037 1 -0.054688933640899176 -0.12900418730888064 -0.0742021401826682 
-0.20610421391396952 -0.2128097464215377 -0.17354223187531329 0.13283311367356676 -0.1889071872359749 -0.054688933640899176 1 -0.09535851462678044 -0.10643331308301458 
0.36333124760358465 0.4464595940505447 0.4578654505371429 -0.14768210196947182 0.3421486077760484 -0.12900418730888064 -0.09535851462678044 1 0.013858854866499272 
0.24818508362347727 0.45910876521484667 -0.022251269243337368 -0.03058042985780671 0.18257632569944382 -0.0742021401826682 -0.10643331308301458 0.013858854866499272 1 

window=26
1 0.18428595854299723 0.7403448730339398 -0.7062254168417001 0.19483487582942627 0.4569521284783276 0.55419244326287 0.7741747509905973 0.6336031865357244 
0.18428595854299723 1 0.2959290641812999 -0.6257018947749049 -0.18251833199578457 -0.09218875455382669 0.5449325799014408 0.25930055368487437 0.47419431463530154 
0.7403448730339398 0.2959290641812999 1 -0.7107353422421664 0.024125891159200694 0.24575990876043144 0.6566647094656113 0.9357936727214424 0.7372575541656425 
-0.7062254168417001 -0.6257018947749049 -0.7107353422421664 1 -0.15880980004273432 -0.41674619214934255 -0.8222004876993907 -0.7525053834134441 -0.8357748580973648 
0.19483487582942627 -0.18251833199578457 0.024125891159200694 -0.15880980004273432 1 0.5869284513528656 0.004527390815141128 0.16259586698796163 0.05619034094510869 
0.4569521284783276 -0.09218875455382669 0.24575990876043144 -0.41674619214934255 0.5869284513528656 1 0.18968170680110785 0.37547187437533863 0.2744713432912953 
0.55419244326287 0.5449325799014408 0.6566647094656113 -0.8222004876993907 0.004527390815141128 0.18968170680110785 1 0.6951517432062964 0.8751869966006781 
0.7741747509905973 0.25930055368487437 0.9357936727214424 -0.7525053834134441 0.16259586698796163 0.37547187437533863 0.6951517432062964 1 0.796213304172646 
0.6336031865357244 0.47419431463530154 0.7372575541656425 -0.8357748580973648 0.05619034094510869 0.2744713432912953 0.8751869966006781 0.796213304172646 1 

window=27
1 0.8401606588337144 0.7037105630198812 -0.6778157744023605 0.8305628666296595 0.775733980456528 0.507385261921508 0.7022357181089923 0.8649349463427118 
0.8401606588337144 1 0.7414668846079961 -0.6229371430140417 0.9037732158194787 0.86313333444796 0.5376706070608605 0.7928599412378518 0.8927047811601874 
0.7037105630198812 0.7414668846079961 1 -0.571198618460545 0.8207119020390435 0.8583869005735223 0.48732452551222377 0.9067744787732758 0.7399811360302777 
-0.6778157744023605 -0.6229371430140417 -0.571198618460545 1 -0.7291679702743921 -0.7430069349821583 -0.3192510583372087 -0.7269925964124844 -0.6109466564556493 
0.8305628666296595 0.9037732158194787 0.8207119020390435 -0.7291679702743921 1 0.9458993842528415 0.5086068020873246 0.8674479008149424 0.8291632260634244 
0.775733980456528 0.86313333444796 0.8583869005735223 -0.7430069349821583 0.9458993842528415 1 0.5039623557189331 0.9576892300512085 0.7666419642459738 
0.507385261921508 0.5376706070608605 0.48732452551222377 -0.3192510583372087 0.5086068020873246 0.5039623557189331 1 0.47729867864760817 0.5548189682907766 
0.7022357181089923 0.7928599412378518 0.9067744787732758 -0.7269925964124844 0.8674479008149424 0.9576892300512085 0.47729867864760817 1 0.7098297451101139 
0.8649349463427118 0.8927047811601874 0.7399811360302777 -0.6109466564556493 0.8291632260634244 0.7666419642459738 0.5548189682907766 0.7098297451101139 1 

window=28
1 0.003790811633145923 0.6255278761054792 -0.5180941650242722 0.18766621409507495 0.35686819220384136 0.08414076006074504 0.6435504847880021 0.3928251756976173 
0.003790811633145923 1 0.1339596604984218 -0.6384602918490541 -0.3262335348697171 0.5945317591065159 0.27039052367113736 0.51007460059895 0.47329465206756305 
0.6255278761054792 0.1339596604984218 1 -0.6230484203674667 -0.07300592596585682 0.4262276589925601 0.1118570516933436 0.7143456757767954 0.47245955424876174 
