window=0
1 -0.26269604193027507 0.033299993594444265 -0.3911898830840096 0.12510233961385858 -0.043604360206370776 0.14848861266034505 -0.049699230427987746 0.0484193067741036 
-0.26269604193027507 1 0.08195173949521428 0.1486183244661253 0.005326369867247537 0.1800386677948018 -0.08155067884919118 -0.07141023790906678 -0.03457805822738048 
0.033299993594444265 0.08195173949521428 1 0.011552374575662805 -0.0965451037216639 0.02071529778174718 0.07052708611990846 0.029951198842820888 -0.07200026592320806 
-0.3911898830840096 0.1486183244661253 0.011552374575662805 1 0.08421092293742369 -0.08631818111618778 0.0014353950811584674 0.02106799507702618 0.02132249643125156 
0.12510233961385858 0.005326369867247537 -0.0965451037216639 0.08421092293742369 1 -0.011212844044465826 0.08320694311962805 -0.04479129166168198 -0.013409123181924904 
-0.043604360206370776 0.1800386677948018 0.02071529778174718 -0.08631818111618778 -0.011212844044465826 1 -0.1446604655223384 -0.02627322293117437 0.13028579402154272 
0.14848861266034505 -0.08155067884919118 0.07052708611990846 0.0014353950811584674 0.08320694311962805 -0.1446604655223384 1 -0.08694791232053471 0.04584060884639262 
-0.049699230427987746 -0.07141023790906678 0.029951198842820888 0.02106799507702618 -0.04479129166168198 -0.02627322293117437 -0.08694791232053471 1 -0.04998381348452974 
0.0484193067741036 -0.03457805822738048 -0.07200026592320806 0.02132249643125156 -0.013409123181924904 0.13028579402154272 0.04584060884639262 -0.04998381348452974 1 

window=1
1 0.05638614081615846 -0.004616126763838869 -0.30275991433490496 -0.30933829424435577 0.15986676569925884 -0.07290178026977306 0.19055855691967016 -0.14454401095857958 
0.05638614081615846 1 -0.036249081984907235 -0.20349764717064794 -0.15086501629416257 0.186778145036633 -0.06486438313776392 0.20307264974840766 -0.11112206534849785 
-0.004616126763838869 -0.036249081984907235 1 -0.28514457212071653 -0.35902254688698054 0.010014457133873257 0.04871853619049755 0.04792700401494081 0.04840723035897246 
-0.30275991433490496 -0.20349764717064794 -0.28514457212071653 1 0.15481726566871173 -0.04173650923113954 0.00526796024711138 -0.2087477589334921 0.24762451752880899 
-0.30933829424435577 -0.15086501629416257 -0.35902254688698054 0.15481726566871173 1 -0.052016076294693146 0.016895070941394058 -0.08265250310547442 0.17789414934130163 
0.15986676569925884 0.186778145036633 0.010014457133873257 -0.04173650923113954 -0.052016076294693146 1 -0.03972088432594474 0.23500470785009223 0.1806868645713044 
-0.07290178026977306 -0.06486438313776392 0.04871853619049755 0.00526796024711138 0.016895070941394058 -0.03972088432594474 1 -0.09648099711641302 -0.026740793645588064 
0.19055855691967016 0.20307264974840766 0.04792700401494081 -0.2087477589334921 -0.08265250310547442 0.23500470785009223 -0.09648099711641302 1 0.01167481839818037 
-0.14454401095857958 -0.11112206534849785 0.04840723035897246 0.24762451752880899 0.17789414934130163 0.1806868645713044 -0.026740793645588064 0.01167481839818037 1 

window=2
1 0.23334978361979833 0.1260302865571729 -0.15114423096623045 0.28258619689831976 -0.08956549905366509 -0.018322757449653698 -0.08871108071627652 -0.08402107253183415 
0.23334978361979833 1 -0.1019718045686414 0.028206338730601504 -0.016070847814653025 -0.27856712683649487 0.10029430056782303 0.04853010797716018 -0.05596996692570207 
0.1260302865571729 -0.1019718045686414 1 -0.14488496817193805 0.19775442381829506 -0.21175212326975346 0.15568541197870178 -0.008618114052522085 0.049343236720732785 
-0.15114423096623045 0.028206338730601504 -0.14488496817193805 1 -0.045729375975913124 0.1322830577742232 -0.041258762032524106 0.017012375102778855 0.08511348339574215 
0.28258619689831976 -0.016070847814653025 0.19775442381829506 -0.045729375975913124 1 -0.021203620254856326 0.1740847178630757 -0.014065220631426888 -0.02124879306376187 
-0.08956549905366509 -0.27856712683649487 -0.21175212326975346 0.1322830577742232 -0.021203620254856326 1 -0.1932527843194018 -0.22237362717312867 0.1880822534366542 
-0.018322757449653698 0.10029430056782303 0.15568541197870178 -0.041258762032524106 0.1740847178630757 -0.1932527843194018 1 0.017258534797362994 -0.023731641639955198 
-0.08871108071627652 0.04853010797716018 -0.008618114052522085 0.017012375102778855 -0.014065220631426888 -0.22237362717312867 0.017258534797362994 1 0.03861374305687819 
-0.08402107253183415 -0.05596996692570207 0.049343236720732785 0.08511348339574215 -0.02124879306376187 0.1880822534366542 -0.023731641639955198 0.03861374305687819 1 

window=3
1 0.01670027115245682 0.031649408959083296 0.31752049339673116 -0.16816233732901384 -0.005338237360307121 -0.12580333845536107 -0.025060372435209925 0.039517684062666515 
0.01670027115245682 1 0.058043589674053236 0.10822549552022981 0.09439635596836998 -0.29812841052874794 -0.11538585113988085 -0.02436662556827311 0.045763732677800914 
0.031649408959083296 0.058043589674053236 1 0.06016079779303942 -0.4783808842848497 0.04973558288887964 0.08375462065899539 -0.044097776657869556 0.006229455811724899 
0.31752049339673116 0.10822549552022981 0.06016079779303942 1 0.055811238917194396 0.31896179086570625 0.06323447861216688 -0.08707173801875605 0.0678183247948913 
-0.16816233732901384 0.09439635596836998 -0.4783808842848497 0.055811238917194396 1 -0.06977717286563768 0.016021097663503063 0.07219397493562618 0.0650790747471562 
-0.005338237360307121 -0.29812841052874794 0.04973558288887964 0.31896179086570625 -0.06977717286563768 1 0.19249511631249197 -0.1961313864996279 0.1149315769803694 
-0.12580333845536107 -0.11538585113988085 0.08375462065899539 0.06323447861216688 0.016021097663503063 0.19249511631249197 1 -0.03141424800885926 0.08970338725804372 
-0.025060372435209925 -0.02436662556827311 -0.044097776657869556 -0.08707173801875605 0.07219397493562618 -0.1961313864996279 -0.03141424800885926 1 0.026461449790469004 
0.039517684062666515 0.045763732677800914 0.006229455811724899 0.0678183247948913 0.0650790747471562 0.1149315769803694 0.08970338725804372 0.026461449790469004 1 

window=4
1 0.40072263728625823 -0.1588764031065879 0.11703382934712324 -0.02530208000495488 0.12209126636066453 -0.08346843380896886 0.14099705341581512 0.16616277942261967 
0.40072263728625823 1 -0.06091448253566919 0.03390723753407435 0.05283742811268355 -0.007349373339269943 0.005386483554997509 0.24302443282845243 0.12991684577173931 
-0.1588764031065879 -0.06091448253566919 1 -0.13112228096082723 -0.3152160606872164 -0.04915246402228925 0.013137400069087955 -0.07035541963357303 -0.07430991456941005 
0.11703382934712324 0.03390723753407435 -0.13112228096082723 1 -0.07467340270114367 0.1393302661740488 0.11362847009567631 -0.19363027091178578 0.008533276653025721 
-0.02530208000495488 0.05283742811268355 -0.3152160606872164 -0.07467340270114367 1 0.0578354656571263 0.013046605657383676 -0.08991582100471872 0.0028123037522950574 
0.12209126636066453 -0.007349373339269943 -0.04915246402228925 0.1393302661740488 0.0578354656571263 1 -0.029025091518347455 0.050697240272147885 0.06381271065046208 
-0.08346843380896886 0.005386483554997509 0.013137400069087955 0.11362847009567631 0.013046605657383676 -0.029025091518347455 1 0.05996729902238053 -0.08587743845599913 
0.14099705341581512 0.24302443282845243 -0.07035541963357303 -0.19363027091178578 -0.08991582100471872 0.050697240272147885 0.05996729902238053 1 0.0777855037265449 
0.16616277942261967 0.12991684577173931 -0.07430991456941005 0.008533276653025721 0.0028123037522950574 0.06381271065046208 -0.08587743845599913 0.0777855037265449 1 

window=5
1 -0.13460436037171528 0.14049174728026062 -0.33983244251993805 -0.02048340092638776 -0.0981602556724677 -0.09195677599847958 0.41765740174085886 0.05585406756298477 
-0.13460436037171528 1 0.14041570213826 0.38102662446166485 -0.22021910036972728 0.1929251503450007 -0.08167846221152113 -0.17534979475942988 0.11278642161372847 
0.14049174728026062 0.14041570213826 1 0.1534384513944969 -0.44159461703351544 -0.05927698953956081 -0.0110022342309528 0.17363608918573697 -0.032261828004171066 
-0.33983244251993805 0.38102662446166485 0.1534384513944969 1 -0.10974322501741555 0.025369784004490394 -0.033521017539026365 -0.17508507300039286 -0.018407746753945294 
-0.02048340092638776 -0.22021910036972728 -0.44159461703351544 -0.10974322501741555 1 -0.014826879189898728 0.10206802956124017 -0.10470763936747685 -0.015666878107646942 
-0.0981602556724677 0.1929251503450007 -0.05927698953956081 0.025369784004490394 -0.014826879189898728 1 -0.11389071921374062 -0.24112148672329722 0.011111218003684607 
-0.09195677599847958 -0.08167846221152113 -0.0110022342309528 -0.033521017539026365 0.10206802956124017 -0.11389071921374062 1 0.04864125994591422 -0.17910671595716962 
0.41765740174085886 -0.17534979475942988 0.17363608918573697 -0.17508507300039286 -0.10470763936747685 -0.24112148672329722 0.04864125994591422 1 0.03723897744818998 
0.05585406756298477 0.11278642161372847 -0.032261828004171066 -0.018407746753945294 -0.015666878107646942 0.011111218003684607 -0.17910671595716962 0.03723897744818998 1 

window=6
1 0.04710990755844192 0.035758531563899194 -0.3840683810484445 -0.08973574442345449 -0.11532929015983746 -0.10916296968168984 -0.01412346603171223 -0.03589647872556051 
0.04710990755844192 1 0.08990864321167184 0.033912941342822606 0.014533329054792512 0.2696856783773163 -0.15283541317475224 0.14319298392876756 0.07823089447085421 
0.035758531563899194 0.08990864321167184 1 -0.04897998930210586 0.15319898406337734 -0.06716298972833148 -0.01739668032080043 0.21078750455567835 -0.13529617623350104 
-0.3840683810484445 0.033912941342822606 -0.04897998930210586 1 0.10012202674789414 0.10925799431123145 0.06024125009948632 -0.11274847985099286 -0.07416798955699416 
-0.08973574442345449 0.014533329054792512 0.15319898406337734 0.10012202674789414 1 0.007406626568730275 -0.03587292117039469 -0.20523311362823685 -0.06117410439343719 
-0.11532929015983746 0.2696856783773163 -0.06716298972833148 0.10925799431123145 0.007406626568730275 1 0.08482866540543982 0.22830801789247887 0.017352504619712508 
-0.10916296968168984 -0.15283541317475224 -0.01739668032080043 0.06024125009948632 -0.03587292117039469 0.08482866540543982 1 0.062003455949960644 0.09695802816190921 
-0.01412346603171223 0.14319298392876756 0.21078750455567835 -0.11274847985099286 -0.20523311362823685 0.22830801789247887 0.062003455949960644 1 -0.04957844080204273 
-0.03589647872556051 0.07823089447085421 -0.13529617623350104 -0.07416798955699416 -0.06117410439343719 0.017352504619712508 0.09695802816190921 -0.04957844080204273 1 

window=7
1 -0.29848149907572863 0.10011525491927095 0.47827045521969763 -0.06611796353200795 0.0029888992340348338 -0.0020580916230886893 0.02458163255850572 0.02319347744318421 
-0.29848149907572863 1 0.07738578877230155 -0.340041673139964 0.022696234331631305 0.06982440948041087 -0.021398720900176364 0.013122466777369408 -0.04355226776959447 
0.10011525491927095 0.07738578877230155 1 -0.06859351824400067 -0.25901483699420896 0.0006233200402113651 -0.00990699085898021 0.10135757558753947 -0.04436574146619185 
0.47827045521969763 -0.340041673139964 -0.06859351824400067 1 -0.15188386448631166 0.017773052265440285 0.12563695668384053 0.01536686430678096 0.0473928444921737 
-0.06611796353200795 0.022696234331631305 -0.25901483699420896 -0.15188386448631166 1 -0.04389181937688786 -0.18746791728833576 -0.03240010320352222 -0.010418180221060206 
0.0029888992340348338 0.06982440948041087 0.0006233200402113651 0.017773052265440285 -0.04389181937688786 1 0.15924110148792142 -0.07817725010403649 -0.0832140934993222 
-0.0020580916230886893 -0.021398720900176364 -0.00990699085898021 0.12563695668384053 -0.18746791728833576 0.15924110148792142 1 -0.0447400877738706 0.004923722302476095 
0.02458163255850572 0.013122466777369408 0.10135757558753947 0.01536686430678096 -0.03240010320352222 -0.07817725010403649 -0.0447400877738706 1 0.004267281249590068 
0.02319347744318421 -0.04355226776959447 -0.04436574146619185 0.0473928444921737 -0.010418180221060206 -0.0832140934993222 0.004923722302476095 0.004267281249590068 1 

window=8
1 0.2525543081303771 0.1379067021922864 -0.08192061203800696 0.08677063717858749 0.024440041532025815 -0.18821475372648536 -0.24724443056394607 -0.07649230872454313 
0.2525543081303771 1 0.07684960229124721 0.3575100676086119 0.14443047992542732 0.07605626258531266 -0.02924133518550134 0.04612946834381087 0.03052738618469571 
0.1379067021922864 0.07684960229124721 1 0.17047986051709785 0.08333473147728644 -0.08480844933683976 0.18947015213465723 0.0895835651469738 -0.03206643456391393 
-0.08192061203800696 0.3575100676086119 0.17047986051709785 1 0.2501873380348431 0.012033028079128302 0.1195029815032496 0.24942231142940965 0.03150488669323834 
0.08677063717858749 0.14443047992542732 0.08333473147728644 0.2501873380348431 1 0.028784626025320774 -0.05710595547896982 0.1629726095027525 -0.05798748005376273 
0.024440041532025815 0.07605626258531266 -0.08480844933683976 0.012033028079128302 0.028784626025320774 1 -0.21991368724378121 -0.1546017810281645 -0.009811832158751027 
-0.18821475372648536 -0.02924133518550134 0.18947015213465723 0.1195029815032496 -0.05710595547896982 -0.21991368724378121 1 -0.04176319013699519 0.04051874580929998 
-0.24724443056394607 0.04612946834381087 0.0895835651469738 0.24942231142940965 0.1629726095027525 -0.1546017810281645 -0.04176319013699519 1 -0.010285349432084973 
-0.07649230872454313 0.03052738618469571 -0.03206643456391393 0.03150488669323834 -0.05798748005376273 -0.009811832158751027 0.04051874580929998 -0.010285349432084973 1 

window=9
1 -0.013766402856778123 -0.026702022483528813 -0.002098752941504905 0.13649081947436653 0.10265678064329802 -0.007270632099550193 0.1886712777637627 0.025638945396806462 
-0.013766402856778123 1 0.04956864605568683 0.0723551667831546 0.05455836194418169 0.09433099826521514 0.0535370436767689 -0.12994227765565675 -0.08089208885542185 
-0.026702022483528813 0.04956864605568683 1 0.0012638720924122017 -0.3655994652633018 -0.0009135730543856859 -0.01713736244618698 0.07352559327688785 -0.08593672805062941 
-0.002098752941504905 0.0723551667831546 0.0012638720924122017 1 -0.14724517849298238 0.01884098154512134 0.0941786157238167 0.07535854833354164 -0.024664786978614232 
0.13649081947436653 0.05455836194418169 -0.3655994652633018 -0.14724517849298238 1 -0.0378215043868902 -0.03860202663935705 0.16801206631769083 0.10460933618150454 
0.10265678064329802 0.09433099826521514 -0.0009135730543856859 0.01884098154512134 -0.0378215043868902 1 0.09172654221491694 -0.1267162178199535 0.11649174616132532 
-0.007270632099550193 0.0535370436767689 -0.01713736244618698 0.0941786157238167 -0.03860202663935705 0.09172654221491694 1 0.10642797874219323 -0.12296531998528737 
0.1886712777637627 -0.12994227765565675 0.07352559327688785 0.07535854833354164 0.16801206631769083 -0.1267162178199535 0.10642797874219323 1 -0.07053008689472119 
0.025638945396806462 -0.08089208885542185 -0.08593672805062941 -0.024664786978614232 0.10460933618150454 0.11649174616132532 -0.12296531998528737 -0.07053008689472119 1 

window=10
1 -0.03447152979223719 0.17876625623220502 0.3531910966710966 -0.11058167374926951 0.10491830224417288 0.028791339639304747 0.0511282724449976 0.015112084091656496 
-0.03447152979223719 1 0.01887641644362553 -0.056775830089798675 0.08032339765305584 -0.04482161382990776 0.043825268221333855 0.17446543226842362 0.06769437690152803 
0.17876625623220502 0.01887641644362553 1 -0.07934125868301624 -0.26108212423879656 -0.010944320305561047 0.10104485983993967 0.011203456760778994 -0.192823095871245 
0.3531910966710966 -0.056775830089798675 -0.07934125868301624 1 -0.14154147112662224 0.03828364178858221 -0.07632741024667446 -0.07451577387531556 0.10073046803824766 
-0.11058167374926951 0.08032339765305584 -0.26108212423879656 -0.14154147112662224 1 -0.06385690064335539 0.0002260855833482848 -0.038538340781352654 0.01655846440815879 
0.10491830224417288 -0.04482161382990776 -0.010944320305561047 0.03828364178858221 -0.06385690064335539 1 -0.05728303972362255 -0.0367975312700894 -0.09690061184649862 
0.028791339639304747 0.043825268221333855 0.10104485983993967 -0.07632741024667446 0.0002260855833482848 -0.05728303972362255 1 0.10838486980459668 -0.07531424320727073 
0.0511282724449976 0.17446543226842362 0.011203456760778994 -0.07451577387531556 -0.038538340781352654 -0.0367975312700894 0.10838486980459668 1 0.04787434539958946 
0.015112084091656496 0.06769437690152803 -0.192823095871245 0.10073046803824766 0.01655846440815879 -0.09690061184649862 -0.07531424320727073 0.04787434539958946 1 

window=11
1 0.07718888287581789 0.08298445361373745 -0.2981659140301961 -0.2591834164964859 -0.016317261191753234 0.0009006658181953949 0.11014987259225469 -0.0028256908697938884 
0.07718888287581789 1 0.0038220765374129763 0.03897845277759669 0.07665599998982296 0.0886031009971845 -0.10139834787969966 -0.04631249504377403 -0.09152461034142786 
0.08298445361373745 0.0038220765374129763 1 0.027985024978645492 0.06270109227467688 0.020666272337168178 -0.20724745741613634 0.08985882998377516 0.015756438391853065 
-0.2981659140301961 0.03897845277759669 0.027985024978645492 1 0.1702008359360911 0.05979595370363286 -0.09657043673249169 0.03224936725651874 -0.028880636599467772 
-0.2591834164964859 0.07665599998982296 0.06270109227467688 0.1702008359360911 1 0.03991255322839077 -0.012201757308804111 0.013488705587342643 -0.05999061136351262 
-0.016317261191753234 0.0886031009971845 0.020666272337168178 0.05979595370363286 0.03991255322839077 1 -0.1508452458333825 0.14148550178322342 -0.08475678594795596 
0.0009006658181953949 -0.10139834787969966 -0.20724745741613634 -0.09657043673249169 -0.012201757308804111 -0.1508452458333825 1 0.008127227905227439 0.054738618061935 
0.11014987259225469 -0.04631249504377403 0.08985882998377516 0.03224936725651874 0.013488705587342643 0.14148550178322342 0.008127227905227439 1 0.11288842260201762 
-0.0028256908697938884 -0.09152461034142786 0.015756438391853065 -0.028880636599467772 -0.05999061136351262 -0.08475678594795596 0.054738618061935 0.11288842260201762 1 

window=12
1 0.18599305920009523 -0.016315422848571154 -0.08166504784250694 0.13076695704179003 0.1428896985933175 0.08798192329792855 -0.13295173175688085 -0.0601780596474759 
0.18599305920009523 1 0.024654293059215394 -0.20838738410726268 0.050308729040689205 0.11859243674613645 -0.000444162844677346 -0.20273317962503423 0.04874175196622251 
-0.016315422848571154 0.024654293059215394 1 0.04199880596580269 0.008484992788718417 0.02366855376576906 -0.10435810278879519 0.009431491337503895 -0.12455343677956096 
-0.08166504784250694 -0.20838738410726268 0.04199880596580269 1 0.044285533402862655 -0.1818176554133197 0.051445495554988646 0.014759811616702857 0.020256771920964443 
0.13076695704179003 0.050308729040689205 0.008484992788718417 0.044285533402862655 1 -0.04029577684897795 -0.002642505260652445 -0.06205878406625151 0.06751330382739554 
0.1428896985933175 0.11859243674613645 0.02366855376576906 -0.1818176554133197 -0.04029577684897795 1 -0.06831154026410736 -0.2664783031368958 -0.04856256791842813 
0.08798192329792855 -0.000444162844677346 -0.10435810278879519 0.051445495554988646 -0.002642505260652445 -0.06831154026410736 1 -0.07000578203892083 -0.10488515804823695 
-0.13295173175688085 -0.20273317962503423 0.009431491337503895 0.014759811616702857 -0.06205878406625151 -0.2664783031368958 -0.07000578203892083 1 0.05970902151241728 
-0.0601780596474759 0.04874175196622251 -0.12455343677956096 0.020256771920964443 0.06751330382739554 -0.04856256791842813 -0.10488515804823695 0.05970902151241728 1 

window=13
1 0.17653115352945428 -0.04574010751189611 -0.21221074471261372 -0.006419822485751499 -0.013124436721867572 0.033414104851932504 -0.054187452003076085 0.09488496697010457 
0.17653115352945428 1 0.025044214876535697 0.045009175726204845 0.1080609155284432 0.015656481696047622 -0.0768166315051639 0.07903982590455912 -0.09524209352006385 
-0.04574010751189611 0.025044214876535697 1 0.004219627238717499 0.4732403586419669 0.07303482224356662 0.035303812050642355 0.06781088419935337 -0.12646079405991578 
-0.21221074471261372 0.045009175726204845 0.004219627238717499 1 -0.010584699572575271 0.04005720808153337 0.04071582510992714 -0.10559534571049108 0.04251278207263147 
-0.006419822485751499 0.1080609155284432 0.4732403586419669 -0.010584699572575271 1 0.024540504987743548 0.01998989563719377 -0.014450215610254398 -0.16766001452390275 
-0.013124436721867572 0.015656481696047622 0.07303482224356662 0.04005720808153337 0.024540504987743548 1 -0.266554106196683 0.04839409858297358 0.019943235049676114 
0.033414104851932504 -0.0768166315051639 0.035303812050642355 0.04071582510992714 0.01998989563719377 -0.266554106196683 1 -0.18018060418676712 0.04385108237485952 
-0.054187452003076085 0.07903982590455912 0.06781088419935337 -0.10559534571049108 -0.014450215610254398 0.04839409858297358 -0.18018060418676712 1 -0.1686726345316525 
0.09488496697010457 -0.09524209352006385 -0.12646079405991578 0.04251278207263147 -0.16766001452390275 0.019943235049676114 0.04385108237485952 -0.1686726345316525 1 

window=14
1 -0.07871934577088145 0.11735538120246777 -0.4157910568635326 -0.017025623258113295 0.04100108517126187 0.02479337917163002 0.07080303034341179 -0.030762062223751538 
-0.07871934577088145 1 0.05947125372604969 -0.28516472113296165 -0.06127999529872473 0.047141347457889816 -0.12872906107088614 -0.13921016493434837 0.00816273471785741 
0.11735538120246777 0.05947125372604969 1 -0.04792805304616914 0.22038061711381546 -0.05052310843605023 0.00047146529132336415 0.0020816722973616497 -0.09484679629394216 
-0.4157910568635326 -0.28516472113296165 -0.04792805304616914 1 0.027009080528051437 0.05869518042489736 -0.09255838638144878 0.04208025578431197 0.04039703529448675 
-0.017025623258113295 -0.06127999529872473 0.22038061711381546 0.027009080528051437 1 0.008987538198312517 0.09371087997294024 -0.0017420475647438774 -0.08112259212124207 
0.04100108517126187 0.047141347457889816 -0.05052310843605023 0.05869518042489736 0.008987538198312517 1 -0.3036408626464764 0.09476559854536579 -0.021127154305927008 
0.02479337917163002 -0.12872906107088614 0.00047146529132336415 -0.09255838638144878 0.09371087997294024 -0.3036408626464764 1 0.10556604529097446 0.04609787368657411 
0.07080303034341179 -0.13921016493434837 0.0020816722973616497 0.04208025578431197 -0.0017420475647438774 0.09476559854536579 0.10556604529097446 1 -0.06286453591935026 
-0.030762062223751538 0.00816273471785741 -0.09484679629394216 0.04039703529448675 -0.08112259212124207 -0.021127154305927008 0.04609787368657411 -0.06286453591935026 1 

window=15
1 0.06431710773036109 0.006930467067210738 0.3497791622918622 0.029421089397775938 0.04758357978059884 -0.06264985586884954 -0.011819067170372741 -0.10335243027544963 
0.06431710773036109 1 0.05607862469554784 -0.11311727085982931 -0.0009520572378451551 0.029971961313537923 -0.06982776493682817 -0.15225674174756965 0.2039357455027792 
0.006930467067210738 0.05607862469554784 1 0.05139316791530734 -0.254639626089203 -0.020562670366391693 -0.06850988358565349 -0.11997365224868532 0.11229449977148057 
0.3497791622918622 -0.11311727085982931 0.05139316791530734 1 0.07083492732202881 0.1607441206113385 -0.03632448713908057 0.06237748314363265 0.00874807372090005 
0.029421089397775938 -0.0009520572378451551 -0.254639626089203 0.07083492732202881 1 -0.004443838818267634 -0.013132972497771058 0.08795982591377702 0.00689705242953002 
0.04758357978059884 0.029971961313537923 -0.020562670366391693 0.1607441206113385 -0.004443838818267634 1 -0.08481297240269522 -0.041807179847736915 -0.0656243081111917 
-0.06264985586884954 -0.06982776493682817 -0.06850988358565349 -0.03632448713908057 -0.013132972497771058 -0.08481297240269522 1 0.0438090177900859 0.04643191817964522 
-0.011819067170372741 -0.15225674174756965 -0.11997365224868532 0.06237748314363265 0.08795982591377702 -0.041807179847736915 0.0438090177900859 1 0.08670067850857124 
-0.10335243027544963 0.2039357455027792 0.11229449977148057 0.00874807372090005 0.00689705242953002 -0.0656243081111917 0.04643191817964522 0.08670067850857124 1 

window=16
1 0.012421773314883413 0.01947768495381713 0.03955961761172855 -0.08757829123029924 -0.04338627432060645 0.06510431810138187 -0.11534217819840922 -0.06415534101269502 
0.012421773314883413 1 0.16016934194123647 -0.06737686591144913 -0.1742901173013383 -0.021802950261295053 -0.029363481618203974 -0.03180981719282884 -0.008423784389063313 
0.01947768495381713 0.16016934194123647 1 -0.02287731830529065 -0.06820386163710881 0.11421333309218971 -0.00690998261700595 -0.15695499297972268 0.019992113909800213 
0.03955961761172855 -0.06737686591144913 -0.02287731830529065 1 0.06421342803700253 -0.026085857271052285 -0.05862918195998851 -0.08255754846249455 -0.13891423407718154 
-0.08757829123029924 -0.1742901173013383 -0.06820386163710881 0.06421342803700253 1 -0.08292602782734783 -0.05917396258678037 0.08229820613855608 0.03528784242543746 
-0.04338627432060645 -0.021802950261295053 0.11421333309218971 -0.026085857271052285 -0.08292602782734783 1 0.08825752829283469 0.17102106058167527 0.03333489920499738 
0.06510431810138187 -0.029363481618203974 -0.00690998261700595 -0.05862918195998851 -0.05917396258678037 0.08825752829283469 1 -0.050770689330645956 -0.1388193412755925 
-0.11534217819840922 -0.03180981719282884 -0.15695499297972268 -0.08255754846249455 0.08229820613855608 0.17102106058167527 -0.050770689330645956 1 0.1387068638587547 
-0.06415534101269502 -0.008423784389063313 0.019992113909800213 -0.13891423407718154 0.03528784242543746 0.03333489920499738 -0.1388193412755925 0.1387068638587547 1 

window=17
1 0.1531431125603875 -0.03738490281819709 0.06604356863401306 0.0031483859542908695 0.004552088528086785 0.0017948566587760546 -0.0027208677514599096 -0.03156239178772605 
0.1531431125603875 1 0.03610591534990894 -0.039637193235552315 -0.010489447287228412 -0.21474907822920208 -0.061516262257704124 -0.2276501739586088 0.09568658598109646 
-0.03738490281819709 0.03610591534990894 1 0.05976187984409634 -0.10406188405378142 0.026981432705009308 -0.032988981565750516 -0.0505922816823815 0.20118976305494274 
0.06604356863401306 -0.039637193235552315 0.05976187984409634 1 -0.008099825801269826 0.02396572641655353 -0.05305794992221911 -0.07625352004631235 -0.12879620588854926 
0.0031483859542908695 -0.010489447287228412 -0.10406188405378142 -0.008099825801269826 1 0.020809655123364863 -0.04944312697416101 -0.035105993432564854 -0.046492988963962686 
0.004552088528086785 -0.21474907822920208 0.026981432705009308 0.02396572641655353 0.020809655123364863 1 0.14079652818727367 -0.0013826009931233972 0.06946035161554873 
0.0017948566587760546 -0.061516262257704124 -0.032988981565750516 -0.05305794992221911 -0.04944312697416101 0.14079652818727367 1 0.060150881273107866 0.03318185202327334 
-0.0027208677514599096 -0.2276501739586088 -0.0505922816823815 -0.07625352004631235 -0.035105993432564854 -0.0013826009931233972 0.060150881273107866 1 -0.0933883183195796 
-0.03156239178772605 0.09568658598109646 0.20118976305494274 -0.12879620588854926 -0.046492988963962686 0.06946035161554873 0.03318185202327334 -0.0933883183195796 1 

window=18
1 -0.07492443172613224 -0.0667924791233801 -0.1596607577901647 0.061670818273772375 -0.030392256431510892 0.12433128731095662 0.04062549650334714 -0.007813099762294393 
-0.07492443172613224 1 0.04068693548565814 0.17063986294792244 -0.10447614765453389 -0.14882159049889354 0.16632917923444865 0.08371884177308593 -0.009796949277821217 
-0.0667924791233801 0.04068693548565814 1 -0.1097896483167615 0.4921637947299634 0.001538417848694129 -0.056087259706631275 8.367911373126041e-05 0.11389887428496158 
-0.1596607577901647 0.17063986294792244 -0.1097896483167615 1 -0.04813963103943111 -0.02773078183503793 -0.002763967248267309 0.10814017292443007 -0.03524080677390731 
0.061670818273772375 -0.10447614765453389 0.4921637947299634 -0.04813963103943111 1 -0.005749499359470072 -0.13747741852676365 -0.07369877524038185 -0.017516238600972123 
-0.030392256431510892 -0.14882159049889354 0.001538417848694129 -0.02773078183503793 -0.005749499359470072 1 0.01568754502071432 -0.152751181568059 0.11967618082803065 
0.12433128731095662 0.16632917923444865 -0.056087259706631275 -0.002763967248267309 -0.13747741852676365 0.01568754502071432 1 0.11043636482812955 -0.004496520653774443 
0.04062549650334714 0.08371884177308593 8.367911373126041e-05 0.10814017292443007 -0.07369877524038185 -0.152751181568059 0.11043636482812955 1 0.06514204693090396 
-0.007813099762294393 -0.009796949277821217 0.11389887428496158 -0.03524080677390731 -0.017516238600972123 0.11967618082803065 -0.004496520653774443 0.06514204693090396 1 

window=19
1 -0.17155268190305753 0.0745384659080388 0.2781395544107114 -0.07574961342847097 -0.005418093887983536 0.07548521389947338 0.10787973899737012 0.012402283020445824 
-0.17155268190305753 1 -0.018266275315197908 0.08986859809419628 0.017627604557883297 -0.04104769504500308 -0.19901389647242232 0.2424773596174087 -0.0932840451378779 
0.0745384659080388 -0.018266275315197908 1 -0.0388991472845882 0.07204600770294026 0.07036030755026562 0.09741247908126624 0.07441121611422982 -0.0928411463677249 
0.2781395544107114 0.08986859809419628 -0.0388991472845882 1 -0.03231230931810896 0.026452413327455387 0.0716370145890985 0.17671023141015993 0.08397892397595785 
-0.07574961342847097 0.017627604557883297 0.07204600770294026 -0.03231230931810896 1 0.12061577328465968 0.014218463672889817 0.033857944029198464 0.026088173748889963 
-0.005418093887983536 -0.04104769504500308 0.07036030755026562 0.026452413327455387 0.12061577328465968 1 -0.10984494755749875 -0.05767505745963008 -0.004638574522125121 
0.07548521389947338 -0.19901389647242232 0.09741247908126624 0.0716370145890985 0.014218463672889817 -0.10984494755749875 1 -0.16033550388956122 0.10792050413809805 
0.10787973899737012 0.2424773596174087 0.07441121611422982 0.17671023141015993 0.033857944029198464 -0.05767505745963008 -0.16033550388956122 1 0.08010394303956737 
0.012402283020445824 -0.0932840451378779 -0.0928411463677249 0.08397892397595785 0.026088173748889963 -0.004638574522125121 0.10792050413809805 0.08010394303956737 1 

window=20
1 -0.09131889365539365 0.18326645572792158 -0.0857858809461224 -0.13690899405679216 -0.0026226021707717877 0.21140739908393813 0.11697224203927975 -0.024381705618774608 
-0.09131889365539365 1 0.01802168383325745 0.01212588209105214 0.09257955764060871 0.019108648309901274 -0.006767863590913123 -0.010461319860573942 0.014034466905380601 
0.18326645572792158 0.01802168383325745 1 0.08215433085987296 -0.567705163574044 0.0014559899238961098 0.05153195554919992 -0.1966250071430973 -0.221275539256993 
-0.0857858809461224 0.01212588209105214 0.08215433085987296 1 -0.16494164284695836 -0.01789427209123341 -0.08776045355429184 -0.0825376112552092 0.023942947249581004 
-0.13690899405679216 0.09257955764060871 -0.567705163574044 -0.16494164284695836 1 0.005929616600125047 0.06562801598426543 0.036543882167976036 0.24958360462357645 
-0.0026226021707717877 0.019108648309901274 0.0014559899238961098 -0.01789427209123341 0.005929616600125047 1 -0.17867270546936104 0.061462830408907654 -0.028917113662884145 
0.21140739908393813 -0.006767863590913123 0.05153195554919992 -0.08776045355429184 0.06562801598426543 -0.17867270546936104 1 -0.01723398324984319 -0.06552012078775143 
0.11697224203927975 -0.010461319860573942 -0.1966250071430973 -0.0825376112552092 0.036543882167976036 0.061462830408907654 -0.01723398324984319 1 0.019477986881724238 
-0.024381705618774608 0.014034466905380601 -0.221275539256993 0.023942947249581004 0.24958360462357645 -0.028917113662884145 -0.06552012078775143 0.019477986881724238 1 

window=21
1 -0.4300365228274459 -0.06752386905000882 0.14302520657375759 -0.08226455936115927 0.14672765374460975 0.15353866433978014 -0.11658524969285526 0.0626030613874332 
-0.4300365228274459 1 -0.005896475579201855 -0.10060140237396384 0.16687893508100785 -0.01023542195316913 -0.17968132052331826 -0.09078432498708762 0.012393141916353592 
-0.06752386905000882 -0.005896475579201855 1 -0.1991603660881939 -0.3319019374422611 -0.08424529687178904 -0.10273850067317476 -0.020012643598478038 0.19517786242255739 
0.14302520657375759 -0.10060140237396384 -0.1991603660881939 1 -0.28465958793429563 -0.014575402700792741 -0.061065956806481775 0.1448238705014949 -0.07809662771985118 
-0.08226455936115927 0.16687893508100785 -0.3319019374422611 -0.28465958793429563 1 0.06416368794091587 -0.06501762937773108 0.05907540404285692 -0.062339114949652115 
0.14672765374460975 -0.01023542195316913 -0.08424529687178904 -0.014575402700792741 0.06416368794091587 1 -0.009283641718494448 -0.05824442095810287 -0.02122712428696991 
0.15353866433978014 -0.17968132052331826 -0.10273850067317476 -0.061065956806481775 -0.06501762937773108 -0.009283641718494448 1 0.0050083651654272985 -0.0035745484730450895 
-0.11658524969285526 -0.09078432498708762 -0.020012643598478038 0.1448238705014949 0.05907540404285692 -0.05824442095810287 0.0050083651654272985 1 -0.11802157165717769 
0.0626030613874332 0.012393141916353592 0.19517786242255739 -0.07809662771985118 -0.062339114949652115 -0.02122712428696991 -0.0035745484730450895 -0.11802157165717769 1 

window=22
1 -0.0011161553565962573 0.032132859776330805 0.454970872804142 -0.039090879762860554 -0.07414580352520159 0.15810017803055196 -0.0014397475636688702 -0.07844401011099336 
-0.0011161553565962573 1 -0.029029464850674983 -0.04407770841488141 -0.05508675755113338 -0.024845423775614866 0.079918250010214 -0.07485608764242331 0.06273934860093432 
0.032132859776330805 -0.029029464850674983 1 0.03183086791862515 0.12954122118025474 -0.07430327091726024 0.014413643833598184 -0.10094923773346967 -0.05388411968466476 
0.454970872804142 -0.04407770841488141 0.03183086791862515 1 0.07303734851979547 -0.0271493532859672 -0.02144617079926205 0.0019494194557227755 -0.07256096383489964 
-0.039090879762860554 -0.05508675755113338 0.12954122118025474 0.07303734851979547 1 -0.03272235674127436 0.0189968850018871 0.02150907759057049 -0.16886856608366616 
-0.07414580352520159 -0.024845423775614866 -0.07430327091726024 -0.0271493532859672 -0.03272235674127436 1 -0.13623587520388625 -0.07640348039880224 -0.02993830916493093 
0.15810017803055196 0.079918250010214 0.014413643833598184 -0.02144617079926205 0.0189968850018871 -0.13623587520388625 1 0.33869516664445426 -0.06873936859192596 
-0.0014397475636688702 -0.07485608764242331 -0.10094923773346967 0.0019494194557227755 0.02150907759057049 -0.07640348039880224 0.33869516664445426 1 -0.04630881689732981 
-0.07844401011099336 0.06273934860093432 -0.05388411968466476 -0.07256096383489964 -0.16886856608366616 -0.02993830916493093 -0.06873936859192596 -0.04630881689732981 1 

window=23
1 -0.0650929982945113 -0.10596788790793377 0.45954689289217526 0.1226099581360394 -0.1500306737136113 -0.0037011146941063203 0.14401370478115688 -0.04323557801118348 
-0.0650929982945113 1 0.03692448440193114 -0.14260603761089996 0.037589555943119406 0.13696983843467206 0.21981934806838585 0.17210755474844383 0.026285132831686427 
-0.10596788790793377 0.03692448440193114 1 -0.11360002229598393 -0.02253799664415074 0.051511701324421386 -0.022803657443658067 -0.13088444632419216 -0.14391280310431448 
0.45954689289217526 -0.14260603761089996 -0.11360002229598393 1 -0.20155585495123 0.05969508891220119 0.06342409252944105 0.08459806680100121 0.0019703783828434926 
0.1226099581360394 0.037589555943119406 -0.02253799664415074 -0.20155585495123 1 -0.07683960529393981 -0.044388428161499266 0.08879209897168719 -0.06997411249336313 
-0.1500306737136113 0.13696983843467206 0.051511701324421386 0.05969508891220119 -0.07683960529393981 1 0.05747650935578289 0.09732154121714333 0.06667305132050992 
-0.0037011146941063203 0.21981934806838585 -0.022803657443658067 0.06342409252944105 -0.044388428161499266 0.05747650935578289 1 -0.01023066957456927 0.015624462890471986 
0.14401370478115688 0.17210755474844383 -0.13088444632419216 0.08459806680100121 0.08879209897168719 0.09732154121714333 -0.01023066957456927 1 0.059893914361168615 
-0.04323557801118348 0.026285132831686427 -0.14391280310431448 0.0019703783828434926 -0.06997411249336313 0.06667305132050992 0.015624462890471986 0.059893914361168615 1 

window=25
1 0.026187395915055613 -0.0765736305818158 0.10138780157167765 -0.00629175571436542 0.01806623539281657 0.01932444768430838 0.006694008206936751 0.014573369359623521 
0.026187395915055613 1 -0.0037666790339988244 0.055005474990798206 0.04670979742779109 -0.008423719423566891 0.048118233148285165 -0.08047386042926427 0.0806825824183429 
-0.0765736305818158 -0.0037666790339988244 1 0.07603012236867811 0.03900496160699493 0.09477797720946479 0.07638895023327219 0.06779662281025044 -0.05180140890902029 
0.10138780157167765 0.055005474990798206 0.07603012236867811 1 0.06752580706025335 0.00689049354634942 0.08551100095335534 -0.18987659304074397 0.006968598099739474 
-0.00629175571436542 0.04670979742779109 0.03900496160699493 0.06752580706025335 1 0.02720873666254675 0.09378264214841629 -0.042319332705747066 0.116728552790337 
0.01806623539281657 -0.008423719423566891 0.09477797720946479 0.00689049354634942 0.02720873666254675 1 -0.21157357916039857 0.12376764619855697 0.19585016135802769 
0.01932444768430838 0.048118233148285165 0.07638895023327219 0.08551100095335534 0.09378264214841629 -0.21157357916039857 1 0.083575977172837 0.03462674576248904 
0.006694008206936751 -0.08047386042926427 0.06779662281025044 -0.18987659304074397 -0.042319332705747066 0.12376764619855697 0.083575977172837 1 0.048729748636879004 
0.014573369359623521 0.0806825824183429 -0.05180140890902029 0.006968598099739474 0.116728552790337 0.19585016135802769 0.03462674576248904 0.048729748636879004 1 

window=26
1 -0.09239352821418868 0.09283971776528278 0.4824898937432471 -0.11648004058405358 -0.002025943357609482 0.1638451236773463 -0.2008151630714766 0.019817629277223102 
-0.09239352821418868 1 0.017564160151103334 -0.03149768450943777 -0.012020212165000151 -0.14289894688070212 -0.22975944197029521 -0.03336333826800627 -0.0749236142822319 
0.09283971776528278 0.017564160151103334 1 0.01358220801013772 -0.10475795876067988 -0.06349769313299465 -0.03711879628494646 -0.03284466108948713 0.030753620970535602 
0.4824898937432471 -0.03149768450943777 0.01358220801013772 1 -0.03242448654081847 0.13442073345781805 0.18237879948831398 -0.028711044236511343 0.04070692403463543 
-0.11648004058405358 -0.012020212165000151 -0.10475795876067988 -0.03242448654081847 1 0.06051660140748542 -0.020483558257969443 -0.08949721672603868 -0.14126496510646339 
-0.002025943357609482 -0.14289894688070212 -0.06349769313299465 0.13442073345781805 0.06051660140748542 1 -0.009444960906605071 0.29280645804096045 -0.04194819613460907 
0.1638451236773463 -0.22975944197029521 -0.03711879628494646 0.18237879948831398 -0.020483558257969443 -0.009444960906605071 1 0.003886411966065652 0.019481904427966993 
-0.2008151630714766 -0.03336333826800627 -0.03284466108948713 -0.028711044236511343 -0.08949721672603868 0.29280645804096045 0.003886411966065652 1 -0.07222033247188724 
0.019817629277223102 -0.0749236142822319 0.030753620970535602 0.04070692403463543 -0.14126496510646339 -0.04194819613460907 0.019481904427966993 -0.07222033247188724 1 

window=27
1 0.246966087561508 0.06035894901705457 -0.325922288094393 0.020397058220243906 0.13426460701638226 0.011874644035559831 -0.027239566720777056 -0.036570010286604476 
0.246966087561508 1 -0.018291830648983095 -0.17641245497005884 -0.04838567950128363 0.42571661751976725 -0.07883668020270289 -0.27496121621129044 -0.09015512899638584 
