window=1
1 0.6261190265415335 0.5496955066035126 -0.38440148391154577 0.589226993131184 0.627201050901145 0.5924213358969935 
0.6261190265415335 1 0.7432766788753555 0.010973171551387943 0.789331278994499 0.7420586619255277 0.6876163772660617 
0.5496955066035126 0.7432766788753555 1 0.018346432235845197 0.8233123809663786 0.4933139082405353 0.8932829584430746 
-0.38440148391154577 0.010973171551387943 0.018346432235845197 1 0.05118379490757056 -0.05574846080564539 0.036396739298056875 
0.589226993131184 0.789331278994499 0.8233123809663786 0.05118379490757056 1 0.6941167089082942 0.7558585524458918 
0.627201050901145 0.7420586619255277 0.4933139082405353 -0.05574846080564539 0.6941167089082942 1 0.5937144430516036 
0.5924213358969935 0.6876163772660617 0.8932829584430746 0.036396739298056875 0.7558585524458918 0.5937144430516036 1 

window=2
1 -0.022850191620289475 -0.317255779178991 -0.14390471905370014 -0.2309979596122726 0.2572985444948887 0.43763965068813493 
-0.022850191620289475 1 0.41879614441281315 0.002714965323915334 0.3166793621642018 -0.5396075482681991 -0.41699377327198334 
-0.317255779178991 0.41879614441281315 1 -0.06442344064257444 0.23082736321267822 -0.6837077494838582 -0.5637648590256831 
-0.14390471905370014 0.002714965323915334 -0.06442344064257444 1 -0.09591952933538675 -0.20752687408138124 -0.22845019008459022 
-0.2309979596122726 0.3166793621642018 0.23082736321267822 -0.09591952933538675 1 -0.26880083603635274 -0.4534523592093717 
0.2572985444948887 -0.5396075482681991 -0.6837077494838582 -0.20752687408138124 -0.26880083603635274 1 0.7011148742896155 
0.43763965068813493 -0.41699377327198334 -0.5637648590256831 -0.22845019008459022 -0.4534523592093717 0.7011148742896155 1 

window=3
1 0.7158578292083145 0.6060502079575216 -0.12240955151977029 0.6505354849053652 0.5095568291282542 -0.10958238549916172 
0.7158578292083145 1 0.7870543625456569 -0.029867963978821382 0.8103659735450276 0.485157663436504 -0.27267795082214674 
0.6060502079575216 0.7870543625456569 1 -0.007730736310305449 0.8400892086152153 0.4852533883712301 -0.29023306178253 
-0.12240955151977029 -0.029867963978821382 -0.007730736310305449 1 0.024021716364861855 -0.14379909555228174 -0.24631595694673902 
0.6505354849053652 0.8103659735450276 0.8400892086152153 0.024021716364861855 1 0.4798015043884847 -0.20151632437972888 
0.5095568291282542 0.485157663436504 0.4852533883712301 -0.14379909555228174 0.4798015043884847 1 0.15791469649384818 
-0.10958238549916172 -0.27267795082214674 -0.29023306178253 -0.24631595694673902 -0.20151632437972888 0.15791469649384818 1 

window=4
1 0.5178112855612496 0.29545015883563847 0.024728649273819694 0.7607009117087252 -0.6213842390660076 -0.34273752359484144 
0.5178112855612496 1 0.6034006377883423 -0.00036308737450338154 0.55687121942207 -0.44399451842226867 -0.5768374940813399 
0.29545015883563847 0.6034006377883423 1 -0.03117948217889146 0.2866691506646168 -0.17842510523433427 -0.633556868537945 
0.024728649273819694 -0.00036308737450338154 -0.03117948217889146 1 -0.023526050324485594 -0.05159681376042212 0.013296675677238348 
0.7607009117087252 0.55687121942207 0.2866691506646168 -0.023526050324485594 1 -0.7441579469569164 -0.32463614243748357 
-0.6213842390660076 -0.44399451842226867 -0.17842510523433427 -0.05159681376042212 -0.7441579469569164 1 0.22411571926503707 
-0.34273752359484144 -0.5768374940813399 -0.633556868537945 0.013296675677238348 -0.32463614243748357 0.22411571926503707 1 

window=5
1 0.7045760431242302 0.5658943945772558 -0.07044787156051636 0.7253230378393554 -0.6486120882476181 -0.6557622506749048 
0.7045760431242302 1 0.6245302206922128 0.20605620401127495 0.7443235076753496 -0.5726947125649259 -0.6780712470091793 
0.5658943945772558 0.6245302206922128 1 -0.0040763027235886816 0.7514038682062795 -0.4045315521666342 -0.8368093203421415 
-0.07044787156051636 0.20605620401127495 -0.0040763027235886816 1 -0.026300471010808093 0.04264441768703625 0.004115405139325104 
0.7253230378393554 0.7443235076753496 0.7514038682062795 -0.026300471010808093 1 -0.7229938102334502 -0.8357042657642687 
-0.6486120882476181 -0.5726947125649259 -0.4045315521666342 0.04264441768703625 -0.7229938102334502 1 0.4804261038049284 
-0.6557622506749048 -0.6780712470091793 -0.8368093203421415 0.004115405139325104 -0.8357042657642687 0.4804261038049284 1 

window=6
1 0.3706836546284285 0.2485189480332033 0.02465271825126958 0.2511856052144227 -0.023144760103640374 -0.6882193794419555 
0.3706836546284285 1 0.3553486743140911 0.07198605651171294 0.6064620073485266 0.1509721754003532 -0.47819126848035365 
0.2485189480332033 0.3553486743140911 1 0.20148617450554634 0.3078463024957001 0.5308088842890097 -0.5714523751793865 
0.02465271825126958 0.07198605651171294 0.20148617450554634 1 0.0803059021353288 0.42246708160267876 -0.10560940915958109 
0.2511856052144227 0.6064620073485266 0.3078463024957001 0.0803059021353288 1 0.17640650771316396 -0.5199740027636064 
-0.023144760103640374 0.1509721754003532 0.5308088842890097 0.42246708160267876 0.17640650771316396 1 -0.23110375616146062 
-0.6882193794419555 -0.47819126848035365 -0.5714523751793865 -0.10560940915958109 -0.5199740027636064 -0.23110375616146062 1 

window=7
1 0.8309007154869749 0.7982014921714513 0.0038342434297482437 0.7102022056251228 0.8719057317665104 0.749089059397683 
0.8309007154869749 1 0.829159624834617 0.10698800136550392 0.758815970207712 0.7664424707151077 0.8022086917372009 
0.7982014921714513 0.829159624834617 1 0.04900014203094101 0.7173601757465682 0.6980188876188645 0.9469626017281532 
0.0038342434297482437 0.10698800136550392 0.04900014203094101 1 0.042715922638305495 -0.0005460258091807282 -0.04582322323387656 
0.7102022056251228 0.758815970207712 0.7173601757465682 0.042715922638305495 1 0.6967068768467047 0.6904865538776733 
0.8719057317665104 0.7664424707151077 0.6980188876188645 -0.0005460258091807282 0.6967068768467047 1 0.6198973890949137 
0.749089059397683 0.8022086917372009 0.9469626017281532 -0.04582322323387656 0.6904865538776733 0.6198973890949137 1 

window=8
1 0.27309697774917735 0.22176192445160467 0.11652913536449191 0.16497866133171551 0.02971293357735158 -0.07433857899368101 
0.27309697774917735 1 0.27490014301486376 0.042940555130863096 0.1335114880441251 0.19587386322576006 0.011255083105756397 
0.22176192445160467 0.27490014301486376 1 0.07036657060342386 -0.06761981810726178 0.32637109324670605 0.10038450125244291 
0.11652913536449191 0.042940555130863096 0.07036657060342386 1 0.085947099390791 0.002968412855833993 -0.3115120420933013 
0.16497866133171551 0.1335114880441251 -0.06761981810726178 0.085947099390791 1 -0.17440015212130328 -0.24374951259804595 
0.02971293357735158 0.19587386322576006 0.32637109324670605 0.002968412855833993 -0.17440015212130328 1 0.35262289957256465 
-0.07433857899368101 0.011255083105756397 0.10038450125244291 -0.3115120420933013 -0.24374951259804595 0.35262289957256465 1 

window=9
1 0.4553847879580506 0.45009055545393845 0.19431099240910168 0.4713252310230025 -0.4719619417333358 0.40079871009185425 
0.4553847879580506 1 0.6252659219074999 0.31964613541638215 0.6521576807700793 -0.5223501024920598 0.44388086028007423 
0.45009055545393845 0.6252659219074999 1 0.5615721244870177 0.8971433262479676 -0.5441722382774574 0.5009886593665405 
0.19431099240910168 0.31964613541638215 0.5615721244870177 1 0.5435142889726965 -0.2738471424102027 -0.09808393201877579 
0.4713252310230025 0.6521576807700793 0.8971433262479676 0.5435142889726965 1 -0.569602822905627 0.4157132666346888 
-0.4719619417333358 -0.5223501024920598 -0.5441722382774574 -0.2738471424102027 -0.569602822905627 1 -0.3917774755350877 
0.40079871009185425 0.44388086028007423 0.5009886593665405 -0.09808393201877579 0.4157132666346888 -0.3917774755350877 1 

window=10
1 0.3351125410932909 0.19742921329284197 -0.10699469658585738 -0.031377158350248235 0.19590689257895444 0.19339128462372035 
0.3351125410932909 1 0.11078135397182433 -0.09163067077078613 0.1589608666766726 0.2592245994529077 0.04988012963738471 
0.19742921329284197 0.11078135397182433 1 0.3273015546834423 -0.39107005599148 0.21526103527405097 0.6848751092641594 
-0.10699469658585738 -0.09163067077078613 0.3273015546834423 1 -0.3133705739699687 0.11575069741706345 0.28889481158186814 
-0.031377158350248235 0.1589608666766726 -0.39107005599148 -0.3133705739699687 1 -0.22806770034620996 -0.7233719057443653 
0.19590689257895444 0.2592245994529077 0.21526103527405097 0.11575069741706345 -0.22806770034620996 1 0.3669783276535225 
0.19339128462372035 0.04988012963738471 0.6848751092641594 0.28889481158186814 -0.7233719057443653 0.3669783276535225 1 

window=12
1 0.36780285472041063 0.1868760659362195 -0.10094008517781632 0.3425498268793388 0.022558403974248437 -0.14055196967506953 
0.36780285472041063 1 0.09913305479863041 -0.08028534926426112 0.09545666672844948 0.010258245839604932 -0.1501381629823091 
0.1868760659362195 0.09913305479863041 1 -0.1255773635342993 -0.19921078746861523 -0.12509785515418134 -0.4868922919418094 
-0.10094008517781632 -0.08028534926426112 -0.1255773635342993 1 -0.20427722337966964 -0.2227070584934567 -0.09127757567586624 
0.3425498268793388 0.09545666672844948 -0.19921078746861523 -0.20427722337966964 1 0.626350268455107 0.05384714355180966 
0.022558403974248437 0.010258245839604932 -0.12509785515418134 -0.2227070584934567 0.626350268455107 1 -0.03697203323011188 
-0.14055196967506953 -0.1501381629823091 -0.4868922919418094 -0.09127757567586624 0.05384714355180966 -0.03697203323011188 1 

window=14
1 0.5272999662802684 0.013414606928772842 -0.19488637255922223 0.19396312946375097 -0.17022359560024064 0.24343361127963167 
0.5272999662802684 1 -0.07001209396398905 -0.15620647298358553 0.1706001275299117 -0.20535111770141348 0.2315287925611005 
0.013414606928772842 -0.07001209396398905 1 -0.20907305664152137 -0.373725297490385 -0.12803047753654306 -0.23866713689126182 
-0.19488637255922223 -0.15620647298358553 -0.20907305664152137 1 -0.4326002173767432 0.0651959226987236 -0.2054900669741243 
0.19396312946375097 0.1706001275299117 -0.373725297490385 -0.4326002173767432 1 0.1379887610432735 0.7186527510572566 
-0.17022359560024064 -0.20535111770141348 -0.12803047753654306 0.0651959226987236 0.1379887610432735 1 -0.04971635389640895 
0.24343361127963167 0.2315287925611005 -0.23866713689126182 -0.2054900669741243 0.7186527510572566 -0.04971635389640895 1 

window=16
1 0.3838253419162428 0.09680830295169125 0.06442373984751781 0.3259264229944888 -0.29430834627635927 0.0019835802941649654 
0.3838253419162428 1 0.13127607646819472 0.00037046915662612473 0.45184164963824724 -0.11799117851022499 -0.15291805703339803 
0.09680830295169125 0.13127607646819472 1 0.027199889421449658 0.35185260942813396 0.05352671175923192 -0.7475890894532735 
0.06442373984751781 0.00037046915662612473 0.027199889421449658 1 0.033721192982437274 -0.042604292526692386 -0.07392879088121022 
0.3259264229944888 0.45184164963824724 0.35185260942813396 0.033721192982437274 1 -0.12062917522731627 -0.23649303520159598 
-0.29430834627635927 -0.11799117851022499 0.05352671175923192 -0.042604292526692386 -0.12062917522731627 1 0.042883669965712905 
0.0019835802941649654 -0.15291805703339803 -0.7475890894532735 -0.07392879088121022 -0.23649303520159598 0.042883669965712905 1 

window=17
1 0.5702595543403154 0.509768883111228 0.11780493763811824 0.5312925636761333 0.6015120853591296 0.4461313999723331 
0.5702595543403154 1 0.8639191205246697 -0.013917198121494924 0.9091466917016274 0.8637382375973087 0.8074830365292648 
0.509768883111228 0.8639191205246697 1 0.006887581537217737 0.9167250486032762 0.7721664143024805 0.9021905070216663 
0.11780493763811824 -0.013917198121494924 0.006887581537217737 1 -0.04251207871848239 0.009007582539429005 0.04564009223459337 
0.5312925636761333 0.9091466917016274 0.9167250486032762 -0.04251207871848239 1 0.8020247685810044 0.8774921719988107 
0.6015120853591296 0.8637382375973087 0.7721664143024805 0.009007582539429005 0.8020247685810044 1 0.6928008971675493 
0.4461313999723331 0.8074830365292648 0.9021905070216663 0.04564009223459337 0.8774921719988107 0.6928008971675493 1 

window=19
1 0.48853564635584656 0.4342157367683305 -0.04990996643305696 0.4386623198246186 0.27470364744144515 0.3976501504336784 
0.48853564635584656 1 0.8584442479565412 -0.12596335188858526 0.8482477874554082 0.006454761117556839 0.6383713853131825 
0.4342157367683305 0.8584442479565412 1 -0.07353276580865088 0.8956296058803722 -0.09262754277596208 0.7226367625255999 
-0.04990996643305696 -0.12596335188858526 -0.07353276580865088 1 -0.16717610179977174 0.03857615578990496 -0.23968722963024022 
0.4386623198246186 0.8482477874554082 0.8956296058803722 -0.16717610179977174 1 0.005284887721368215 0.7398846643838399 
0.27470364744144515 0.006454761117556839 -0.09262754277596208 0.03857615578990496 0.005284887721368215 1 -0.11824834930558319 
0.3976501504336784 0.6383713853131825 0.7226367625255999 -0.23968722963024022 0.7398846643838399 -0.11824834930558319 1 

window=20
1 0.16101137470413385 -0.10976310931570724 -0.1114262839178068 -0.19414429254367532 -0.28968297261971415 -0.32770042565266194 
0.16101137470413385 1 -0.2734468343580232 -0.04981694252284112 -0.18012579895788422 -0.0034060821349668905 -0.4698451020515707 
-0.10976310931570724 -0.2734468343580232 1 -0.04555472103214748 0.40530573932049124 0.22151521745728892 0.5524564320210003 
-0.1114262839178068 -0.04981694252284112 -0.04555472103214748 1 -0.05074073629245951 0.05292035299911432 0.046769319036266244 
-0.19414429254367532 -0.18012579895788422 0.40530573932049124 -0.05074073629245951 1 0.4253419894972533 0.6210080615669115 
-0.28968297261971415 -0.0034060821349668905 0.22151521745728892 0.05292035299911432 0.4253419894972533 1 0.6191069657775619 
-0.32770042565266194 -0.4698451020515707 0.5524564320210003 0.046769319036266244 0.6210080615669115 0.6191069657775619 1 

window=22
1 0.6658775876848168 -0.06491387462321156 -0.12214934290785152 -0.24711279402080327 0.26396760656021034 0.4569403929518626 
0.6658775876848168 1 -0.22502050750071767 -0.026698668192560115 -0.2648355001010021 0.13003549402899509 0.39104433632033636 
-0.06491387462321156 -0.22502050750071767 1 -0.08611862177484476 0.44519873179946806 -0.2913237014988138 0.047785040074731715 
-0.12214934290785152 -0.026698668192560115 -0.08611862177484476 1 -0.08632887229438904 -0.072126841031116 -0.25222321034726003 
-0.24711279402080327 -0.2648355001010021 0.44519873179946806 -0.08632887229438904 1 -0.5813270909264858 -0.08016259368918398 
0.26396760656021034 0.13003549402899509 -0.2913237014988138 -0.072126841031116 -0.5813270909264858 1 0.5579018329904243 
0.4569403929518626 0.39104433632033636 0.047785040074731715 -0.25222321034726003 -0.08016259368918398 0.5579018329904243 1 

window=23
1 0.31311922772051914 0.2179481472488996 -0.1352201403837405 0.2003861405424613 -0.24812274781003307 0.04179578221477592 
0.31311922772051914 1 0.8471082450609377 -0.1833886239530199 0.8822494295645492 -0.7799752367406434 -0.5663542161830611 
0.2179481472488996 0.8471082450609377 1 -0.11764951996272999 0.9143247070088965 -0.7749323240781766 -0.5388704932307002 
-0.1352201403837405 -0.1833886239530199 -0.11764951996272999 1 -0.1659817062022798 0.11527891737227362 0.07468706933093863 
0.2003861405424613 0.8822494295645492 0.9143247070088965 -0.1659817062022798 1 -0.8263475842798412 -0.5932119421577953 
-0.24812274781003307 -0.7799752367406434 -0.7749323240781766 0.11527891737227362 -0.8263475842798412 1 0.5559330781813474 
0.04179578221477592 -0.5663542161830611 -0.5388704932307002 0.07468706933093863 -0.5932119421577953 0.5559330781813474 1 

window=24
1 0.39134834944550984 0.02619426766522586 0.2753131278071195 -0.17544125207156427 -0.16036839900136063 0.24450089434886357 
0.39134834944550984 1 -0.21532442193573229 0.08940953576133616 -0.06357337567915498 -0.10478375885500749 0.26174901807884543 
0.02619426766522586 -0.21532442193573229 1 0.13425642710558275 0.35556869334080177 0.11918625081724017 -0.3011572663816623 
0.2753131278071195 0.08940953576133616 0.13425642710558275 1 -0.3027698389933502 -0.13087357958088786 0.39013751420504483 
-0.17544125207156427 -0.06357337567915498 0.35556869334080177 -0.3027698389933502 1 0.30568585081004634 -0.9371424322753708 
-0.16036839900136063 -0.10478375885500749 0.11918625081724017 -0.13087357958088786 0.30568585081004634 1 -0.2656553173303183 
0.24450089434886357 0.26174901807884543 -0.3011572663816623 0.39013751420504483 -0.9371424322753708 -0.2656553173303183 1 

window=25
1 0.5881786451826996 0.4679679154967516 0.24386657321690106 0.53928713868566 -0.4558847714574478 -0.4432555864605193 
0.5881786451826996 1 0.7818372491466786 0.30200035253786583 0.8004477019454104 -0.7641808416652285 -0.7352245607839133 
0.4679679154967516 0.7818372491466786 1 0.4041996040615755 0.8865096642711798 -0.7365283756692108 -0.9024792837575141 
0.24386657321690106 0.30200035253786583 0.4041996040615755 1 0.49603834378876976 -0.2570829615821261 -0.4090270173169333 
0.53928713868566 0.8004477019454104 0.8865096642711798 0.49603834378876976 1 -0.6990783372207228 -0.8516652496897341 
-0.4558847714574478 -0.7641808416652285 -0.7365283756692108 -0.2570829615821261 -0.6990783372207228 1 0.7558939657188752 
-0.4432555864605193 -0.7352245607839133 -0.9024792837575141 -0.4090270173169333 -0.8516652496897341 0.7558939657188752 1 

window=26
1 0.5796566658286002 -0.020470859527637043 -0.044289023820226515 -0.3124420767304896 -0.6372448896609588 -0.5193317442208155 
0.5796566658286002 1 -0.1572344058873054 -0.0007720952800114421 -0.3417774866893417 -0.48202620403019897 -0.36701866917486864 
-0.020470859527637043 -0.1572344058873054 1 -0.01359849504566256 0.15248068710903298 -0.06129427664273873 -0.27065837617966626 
-0.044289023820226515 -0.0007720952800114421 -0.01359849504566256 1 -0.0005357831593531589 0.023286953191656783 -0.07333579366944597 
-0.3124420767304896 -0.3417774866893417 0.15248068710903298 -0.0005357831593531589 1 0.3452410774137554 0.1723729670110943 
-0.6372448896609588 -0.48202620403019897 -0.06129427664273873 0.023286953191656783 0.3452410774137554 1 0.808754578835349 
-0.5193317442208155 -0.36701866917486864 -0.27065837617966626 -0.07333579366944597 0.1723729670110943 0.808754578835349 1 

window=27
1 0.1924636986730162 0.1787709994071242 0.09924787422095195 0.2749507645081 0.21236257064297878 0.10140592768636539 
0.1924636986730162 1 0.5443707907305846 0.05971222128787321 0.5492628256695553 0.553705704771436 0.5012819398737164 
0.1787709994071242 0.5443707907305846 1 0.028244520069089746 0.9098474133008522 0.6985455942813087 0.95683966117534 
0.09924787422095195 0.05971222128787321 0.028244520069089746 1 0.06247526172089576 -0.014340764384504332 0.03975313004008817 
0.2749507645081 0.5492628256695553 0.9098474133008522 0.06247526172089576 1 0.7565947829882054 0.8700412958966839 
0.21236257064297878 0.553705704771436 0.6985455942813087 -0.014340764384504332 0.7565947829882054 1 0.708250124994687 
0.10140592768636539 0.5012819398737164 0.95683966117534 0.03975313004008817 0.8700412958966839 0.708250124994687 1 

final matrix:
1.0 0.4561850719356062 0.2523933501929848 -0.019193979380548686 0.271771859273836 -0.007011475234163616 0.04571372434847503 
0.4561850719356062 1.0 0.38898019469989753 0.02063123835110324 0.42656454880245637 -0.01692906472154886 -0.001725947780509087 
0.2523933501929848 0.38898019469989753 1.0 0.04774302341299616 0.4571122144163713 0.02696800850636529 -0.003351281355948411 
-0.019193979380548686 0.02063123835110324 0.04774302341299616 1.0 -0.022368893634340498 -0.026577427993826484 -0.06550334915856929 
0.271771859273836 0.42656454880245637 0.4571122144163713 -0.022368893634340498 1.0 0.023460842186928885 -0.0038964698857222816 
-0.007011475234163616 -0.01692906472154886 0.02696800850636529 -0.026577427993826484 0.023460842186928885 1.0 0.32476528551811684 
0.04571372434847503 -0.001725947780509087 -0.003351281355948411 -0.06550334915856929 -0.0038964698857222816 0.32476528551811684 1.0 

{1: [1, 2, 3, 5, 9, 10], 4: [4]}
new accuracy=0.42857142857142855
old accuracy=-0.499:0.6060606060606061
old accuracy=-0.498:0.6060606060606061
old accuracy=-0.497:0.6060606060606061
old accuracy=-0.496:0.6060606060606061
old accuracy=-0.495:0.6060606060606061
old accuracy=-0.494:0.6060606060606061
old accuracy=-0.493:0.6060606060606061
old accuracy=-0.492:0.6060606060606061
old accuracy=-0.491:0.6060606060606061
old accuracy=-0.49:0.6060606060606061
old accuracy=-0.489:0.6060606060606061
old accuracy=-0.488:0.6060606060606061
old accuracy=-0.487:0.6060606060606061
old accuracy=-0.486:0.6060606060606061
old accuracy=-0.485:0.6082251082251082
old accuracy=-0.484:0.6082251082251082
old accuracy=-0.483:0.6082251082251082
old accuracy=-0.482:0.6082251082251082
old accuracy=-0.481:0.6103896103896104
old accuracy=-0.48:0.6103896103896104
old accuracy=-0.479:0.6103896103896104
old accuracy=-0.478:0.6103896103896104
old accuracy=-0.477:0.6125541125541125
old accuracy=-0.476:0.6125541125541125
old accuracy=-0.475:0.6125541125541125
old accuracy=-0.474:0.6125541125541125
old accuracy=-0.473:0.6125541125541125
old accuracy=-0.472:0.6125541125541125
old accuracy=-0.471:0.6125541125541125
old accuracy=-0.47:0.6147186147186147
old accuracy=-0.469:0.6147186147186147
old accuracy=-0.46799999999999997:0.6168831168831169
old accuracy=-0.46699999999999997:0.6168831168831169
old accuracy=-0.46599999999999997:0.6168831168831169
old accuracy=-0.46499999999999997:0.6168831168831169
old accuracy=-0.46399999999999997:0.6168831168831169
old accuracy=-0.46299999999999997:0.6168831168831169
old accuracy=-0.46199999999999997:0.6168831168831169
old accuracy=-0.46099999999999997:0.6168831168831169
old accuracy=-0.45999999999999996:0.6168831168831169
old accuracy=-0.45899999999999996:0.6168831168831169
old accuracy=-0.45799999999999996:0.6168831168831169
old accuracy=-0.45699999999999996:0.6168831168831169
old accuracy=-0.45599999999999996:0.6168831168831169
old accuracy=-0.45499999999999996:0.6168831168831169
old accuracy=-0.45399999999999996:0.6190476190476191
old accuracy=-0.45299999999999996:0.6190476190476191
old accuracy=-0.45199999999999996:0.6212121212121212
old accuracy=-0.45099999999999996:0.6212121212121212
old accuracy=-0.44999999999999996:0.6212121212121212
old accuracy=-0.44899999999999995:0.6212121212121212
old accuracy=-0.44799999999999995:0.6212121212121212
old accuracy=-0.44699999999999995:0.6212121212121212
old accuracy=-0.44599999999999995:0.6212121212121212
old accuracy=-0.44499999999999995:0.6212121212121212
old accuracy=-0.44399999999999995:0.6212121212121212
old accuracy=-0.44299999999999995:0.6212121212121212
old accuracy=-0.44199999999999995:0.6255411255411255
old accuracy=-0.44099999999999995:0.6255411255411255
old accuracy=-0.43999999999999995:0.6255411255411255
old accuracy=-0.43899999999999995:0.6255411255411255
old accuracy=-0.43799999999999994:0.6255411255411255
old accuracy=-0.43699999999999994:0.6255411255411255
old accuracy=-0.43599999999999994:0.6255411255411255
old accuracy=-0.43499999999999994:0.6255411255411255
old accuracy=-0.43399999999999994:0.6255411255411255
old accuracy=-0.43299999999999994:0.6255411255411255
old accuracy=-0.43199999999999994:0.6255411255411255
old accuracy=-0.43099999999999994:0.6233766233766234
old accuracy=-0.42999999999999994:0.6233766233766234
old accuracy=-0.42899999999999994:0.6233766233766234
old accuracy=-0.42799999999999994:0.6233766233766234
old accuracy=-0.42699999999999994:0.6233766233766234
old accuracy=-0.42599999999999993:0.6233766233766234
old accuracy=-0.42499999999999993:0.6233766233766234
old accuracy=-0.42399999999999993:0.6233766233766234
old accuracy=-0.42299999999999993:0.6233766233766234
old accuracy=-0.42199999999999993:0.6233766233766234
old accuracy=-0.42099999999999993:0.6233766233766234
old accuracy=-0.41999999999999993:0.6233766233766234
old accuracy=-0.41899999999999993:0.6233766233766234
old accuracy=-0.4179999999999999:0.6233766233766234
old accuracy=-0.4169999999999999:0.6233766233766234
old accuracy=-0.4159999999999999:0.6233766233766234
old accuracy=-0.4149999999999999:0.6255411255411255
old accuracy=-0.4139999999999999:0.6255411255411255
old accuracy=-0.4129999999999999:0.6255411255411255
old accuracy=-0.4119999999999999:0.6255411255411255
old accuracy=-0.4109999999999999:0.6255411255411255
old accuracy=-0.4099999999999999:0.6255411255411255
old accuracy=-0.4089999999999999:0.6255411255411255
old accuracy=-0.4079999999999999:0.6277056277056277
old accuracy=-0.4069999999999999:0.6277056277056277
old accuracy=-0.4059999999999999:0.6277056277056277
old accuracy=-0.4049999999999999:0.6277056277056277
old accuracy=-0.4039999999999999:0.6277056277056277
old accuracy=-0.4029999999999999:0.6298701298701298
old accuracy=-0.4019999999999999:0.6298701298701298
old accuracy=-0.4009999999999999:0.6298701298701298
old accuracy=-0.3999999999999999:0.6298701298701298
old accuracy=-0.3989999999999999:0.6298701298701298
old accuracy=-0.3979999999999999:0.6298701298701298
old accuracy=-0.3969999999999999:0.6298701298701298
old accuracy=-0.3959999999999999:0.6298701298701298
old accuracy=-0.3949999999999999:0.6298701298701298
old accuracy=-0.3939999999999999:0.6298701298701298
old accuracy=-0.3929999999999999:0.6298701298701298
old accuracy=-0.3919999999999999:0.6298701298701298
old accuracy=-0.3909999999999999:0.6298701298701298
old accuracy=-0.3899999999999999:0.6255411255411255
old accuracy=-0.3889999999999999:0.6255411255411255
old accuracy=-0.3879999999999999:0.6255411255411255
old accuracy=-0.3869999999999999:0.6255411255411255
old accuracy=-0.3859999999999999:0.6255411255411255
old accuracy=-0.3849999999999999:0.6255411255411255
old accuracy=-0.3839999999999999:0.6255411255411255
old accuracy=-0.3829999999999999:0.6233766233766234
old accuracy=-0.3819999999999999:0.6233766233766234
old accuracy=-0.3809999999999999:0.6233766233766234
old accuracy=-0.3799999999999999:0.6233766233766234
old accuracy=-0.3789999999999999:0.6233766233766234
old accuracy=-0.3779999999999999:0.6233766233766234
old accuracy=-0.3769999999999999:0.6233766233766234
old accuracy=-0.3759999999999999:0.6233766233766234
old accuracy=-0.3749999999999999:0.6233766233766234
old accuracy=-0.3739999999999999:0.6233766233766234
old accuracy=-0.3729999999999999:0.6233766233766234
old accuracy=-0.3719999999999999:0.6212121212121212
old accuracy=-0.3709999999999999:0.6212121212121212
old accuracy=-0.3699999999999999:0.6212121212121212
old accuracy=-0.3689999999999999:0.6212121212121212
old accuracy=-0.3679999999999999:0.6212121212121212
old accuracy=-0.3669999999999999:0.6212121212121212
old accuracy=-0.3659999999999999:0.6233766233766234
old accuracy=-0.3649999999999999:0.6233766233766234
old accuracy=-0.3639999999999999:0.6233766233766234
old accuracy=-0.3629999999999999:0.6233766233766234
old accuracy=-0.3619999999999999:0.6233766233766234
old accuracy=-0.3609999999999999:0.6233766233766234
old accuracy=-0.3599999999999999:0.6233766233766234
old accuracy=-0.3589999999999999:0.6233766233766234
old accuracy=-0.3579999999999999:0.6233766233766234
old accuracy=-0.3569999999999999:0.6233766233766234
old accuracy=-0.35599999999999987:0.6233766233766234
old accuracy=-0.35499999999999987:0.6233766233766234
old accuracy=-0.35399999999999987:0.6233766233766234
old accuracy=-0.35299999999999987:0.6233766233766234
old accuracy=-0.35199999999999987:0.6233766233766234
old accuracy=-0.35099999999999987:0.6233766233766234
old accuracy=-0.34999999999999987:0.6233766233766234
old accuracy=-0.34899999999999987:0.6233766233766234
old accuracy=-0.34799999999999986:0.6233766233766234
old accuracy=-0.34699999999999986:0.6233766233766234
old accuracy=-0.34599999999999986:0.6233766233766234
old accuracy=-0.34499999999999986:0.6233766233766234
old accuracy=-0.34399999999999986:0.6233766233766234
old accuracy=-0.34299999999999986:0.6233766233766234
old accuracy=-0.34199999999999986:0.6233766233766234
old accuracy=-0.34099999999999986:0.6255411255411255
old accuracy=-0.33999999999999986:0.6233766233766234
old accuracy=-0.33899999999999986:0.6233766233766234
old accuracy=-0.33799999999999986:0.6233766233766234
old accuracy=-0.33699999999999986:0.6233766233766234
old accuracy=-0.33599999999999985:0.6233766233766234
old accuracy=-0.33499999999999985:0.6233766233766234
old accuracy=-0.33399999999999985:0.6233766233766234
old accuracy=-0.33299999999999985:0.6233766233766234
old accuracy=-0.33199999999999985:0.6233766233766234
old accuracy=-0.33099999999999985:0.6233766233766234
old accuracy=-0.32999999999999985:0.6233766233766234
old accuracy=-0.32899999999999985:0.6233766233766234
old accuracy=-0.32799999999999985:0.6233766233766234
old accuracy=-0.32699999999999985:0.6233766233766234
old accuracy=-0.32599999999999985:0.6255411255411255
old accuracy=-0.32499999999999984:0.6255411255411255
old accuracy=-0.32399999999999984:0.6255411255411255
old accuracy=-0.32299999999999984:0.6277056277056277
old accuracy=-0.32199999999999984:0.6277056277056277
old accuracy=-0.32099999999999984:0.6277056277056277
old accuracy=-0.31999999999999984:0.6277056277056277
old accuracy=-0.31899999999999984:0.6277056277056277
old accuracy=-0.31799999999999984:0.6277056277056277
old accuracy=-0.31699999999999984:0.6277056277056277
old accuracy=-0.31599999999999984:0.6255411255411255
old accuracy=-0.31499999999999984:0.6255411255411255
old accuracy=-0.31399999999999983:0.6255411255411255
old accuracy=-0.31299999999999983:0.6255411255411255
old accuracy=-0.31199999999999983:0.6233766233766234
old accuracy=-0.31099999999999983:0.6212121212121212
old accuracy=-0.30999999999999983:0.6233766233766234
old accuracy=-0.30899999999999983:0.6233766233766234
old accuracy=-0.30799999999999983:0.6233766233766234
old accuracy=-0.30699999999999983:0.6233766233766234
old accuracy=-0.3059999999999998:0.6233766233766234
old accuracy=-0.3049999999999998:0.6233766233766234
old accuracy=-0.3039999999999998:0.6233766233766234
old accuracy=-0.3029999999999998:0.6233766233766234
old accuracy=-0.3019999999999998:0.6233766233766234
old accuracy=-0.3009999999999998:0.6212121212121212
old accuracy=-0.2999999999999998:0.6233766233766234
old accuracy=-0.2989999999999998:0.6233766233766234
old accuracy=-0.2979999999999998:0.6233766233766234
old accuracy=-0.2969999999999998:0.6233766233766234
old accuracy=-0.2959999999999998:0.6233766233766234
old accuracy=-0.2949999999999998:0.6233766233766234
old accuracy=-0.2939999999999998:0.6233766233766234
old accuracy=-0.2929999999999998:0.6255411255411255
old accuracy=-0.2919999999999998:0.6255411255411255
old accuracy=-0.2909999999999998:0.6255411255411255
old accuracy=-0.2899999999999998:0.6277056277056277
old accuracy=-0.2889999999999998:0.6298701298701298
old accuracy=-0.2879999999999998:0.632034632034632
old accuracy=-0.2869999999999998:0.632034632034632
old accuracy=-0.2859999999999998:0.632034632034632
old accuracy=-0.2849999999999998:0.632034632034632
old accuracy=-0.2839999999999998:0.632034632034632
old accuracy=-0.2829999999999998:0.632034632034632
old accuracy=-0.2819999999999998:0.632034632034632
old accuracy=-0.2809999999999998:0.632034632034632
old accuracy=-0.2799999999999998:0.632034632034632
old accuracy=-0.2789999999999998:0.632034632034632
old accuracy=-0.2779999999999998:0.632034632034632
old accuracy=-0.2769999999999998:0.632034632034632
old accuracy=-0.2759999999999998:0.632034632034632
old accuracy=-0.2749999999999998:0.632034632034632
old accuracy=-0.2739999999999998:0.632034632034632
old accuracy=-0.2729999999999998:0.632034632034632
old accuracy=-0.2719999999999998:0.632034632034632
old accuracy=-0.2709999999999998:0.6341991341991341
old accuracy=-0.2699999999999998:0.6341991341991341
old accuracy=-0.2689999999999998:0.6363636363636362
old accuracy=-0.2679999999999998:0.6363636363636362
old accuracy=-0.2669999999999998:0.6385281385281384
old accuracy=-0.2659999999999998:0.6385281385281384
old accuracy=-0.2649999999999998:0.6385281385281384
old accuracy=-0.2639999999999998:0.6363636363636362
old accuracy=-0.2629999999999998:0.6341991341991341
old accuracy=-0.2619999999999998:0.6341991341991341
old accuracy=-0.2609999999999998:0.6341991341991341
old accuracy=-0.2599999999999998:0.6341991341991341
old accuracy=-0.2589999999999998:0.6341991341991341
old accuracy=-0.2579999999999998:0.6341991341991341
old accuracy=-0.2569999999999998:0.6341991341991341
old accuracy=-0.2559999999999998:0.6363636363636362
old accuracy=-0.2549999999999998:0.6363636363636362
old accuracy=-0.2539999999999998:0.6363636363636362
old accuracy=-0.2529999999999998:0.6363636363636362
old accuracy=-0.2519999999999998:0.6363636363636362
old accuracy=-0.2509999999999998:0.6385281385281384
old accuracy=-0.24999999999999978:0.6385281385281384
old accuracy=-0.24899999999999978:0.6385281385281384
old accuracy=-0.24799999999999978:0.6385281385281384
old accuracy=-0.24699999999999978:0.6406926406926406
old accuracy=-0.24599999999999977:0.6385281385281384
old accuracy=-0.24499999999999977:0.6406926406926406
old accuracy=-0.24399999999999977:0.6406926406926406
old accuracy=-0.24299999999999977:0.6406926406926406
old accuracy=-0.24199999999999977:0.6428571428571428
old accuracy=-0.24099999999999977:0.6428571428571428
old accuracy=-0.23999999999999977:0.6428571428571428
old accuracy=-0.23899999999999977:0.6428571428571428
old accuracy=-0.23799999999999977:0.6450216450216449
old accuracy=-0.23699999999999977:0.6471861471861472
old accuracy=-0.23599999999999977:0.6471861471861472
old accuracy=-0.23499999999999976:0.6493506493506493
old accuracy=-0.23399999999999976:0.6493506493506493
old accuracy=-0.23299999999999976:0.6493506493506493
old accuracy=-0.23199999999999976:0.6493506493506493
old accuracy=-0.23099999999999976:0.6493506493506493
old accuracy=-0.22999999999999976:0.6471861471861472
old accuracy=-0.22899999999999976:0.6450216450216449
old accuracy=-0.22799999999999976:0.6450216450216449
old accuracy=-0.22699999999999976:0.6493506493506493
old accuracy=-0.22599999999999976:0.6493506493506493
old accuracy=-0.22499999999999976:0.6493506493506493
old accuracy=-0.22399999999999975:0.6471861471861472
old accuracy=-0.22299999999999975:0.6471861471861472
old accuracy=-0.22199999999999975:0.6471861471861472
old accuracy=-0.22099999999999975:0.6493506493506493
old accuracy=-0.21999999999999975:0.6493506493506493
old accuracy=-0.21899999999999975:0.6493506493506493
old accuracy=-0.21799999999999975:0.6493506493506493
old accuracy=-0.21699999999999975:0.6493506493506493
old accuracy=-0.21599999999999975:0.6493506493506493
old accuracy=-0.21499999999999975:0.6493506493506493
old accuracy=-0.21399999999999975:0.6471861471861472
old accuracy=-0.21299999999999975:0.6471861471861472
old accuracy=-0.21199999999999974:0.6471861471861472
old accuracy=-0.21099999999999974:0.6471861471861472
old accuracy=-0.20999999999999974:0.6471861471861472
old accuracy=-0.20899999999999974:0.6471861471861472
old accuracy=-0.20799999999999974:0.6450216450216449
old accuracy=-0.20699999999999974:0.6450216450216449
old accuracy=-0.20599999999999974:0.6471861471861472
old accuracy=-0.20499999999999974:0.6471861471861472
old accuracy=-0.20399999999999974:0.6515151515151515
old accuracy=-0.20299999999999974:0.6493506493506493
old accuracy=-0.20199999999999974:0.6493506493506493
old accuracy=-0.20099999999999973:0.6493506493506493
old accuracy=-0.19999999999999973:0.6515151515151515
old accuracy=-0.19899999999999973:0.6515151515151515
old accuracy=-0.19799999999999973:0.6493506493506493
old accuracy=-0.19699999999999973:0.6493506493506493
old accuracy=-0.19599999999999973:0.6493506493506493
old accuracy=-0.19499999999999973:0.6493506493506493
old accuracy=-0.19399999999999973:0.6493506493506493
old accuracy=-0.19299999999999973:0.6450216450216449
old accuracy=-0.19199999999999973:0.6450216450216449
old accuracy=-0.19099999999999973:0.6450216450216449
old accuracy=-0.18999999999999972:0.6450216450216449
old accuracy=-0.18899999999999972:0.6450216450216449
old accuracy=-0.18799999999999972:0.6450216450216449
old accuracy=-0.18699999999999972:0.6450216450216449
old accuracy=-0.18599999999999972:0.6450216450216449
old accuracy=-0.18499999999999972:0.6450216450216449
old accuracy=-0.18399999999999972:0.6450216450216449
old accuracy=-0.18299999999999972:0.6450216450216449
old accuracy=-0.18199999999999972:0.6428571428571428
old accuracy=-0.18099999999999972:0.6428571428571428
old accuracy=-0.17999999999999972:0.6428571428571428
old accuracy=-0.17899999999999971:0.6406926406926406
old accuracy=-0.17799999999999971:0.6406926406926406
old accuracy=-0.1769999999999997:0.6428571428571428
old accuracy=-0.1759999999999997:0.6428571428571428
old accuracy=-0.1749999999999997:0.6428571428571428
old accuracy=-0.1739999999999997:0.6406926406926406
old accuracy=-0.1729999999999997:0.6428571428571428
old accuracy=-0.1719999999999997:0.6428571428571428
old accuracy=-0.1709999999999997:0.6428571428571428
old accuracy=-0.1699999999999997:0.6428571428571428
old accuracy=-0.1689999999999997:0.6450216450216449
old accuracy=-0.1679999999999997:0.6450216450216449
old accuracy=-0.1669999999999997:0.6450216450216449
old accuracy=-0.1659999999999997:0.6428571428571428
old accuracy=-0.1649999999999997:0.6428571428571428
old accuracy=-0.1639999999999997:0.6406926406926406
old accuracy=-0.1629999999999997:0.6406926406926406
old accuracy=-0.1619999999999997:0.6406926406926406
old accuracy=-0.1609999999999997:0.6406926406926406
old accuracy=-0.1599999999999997:0.6406926406926406
old accuracy=-0.1589999999999997:0.6428571428571428
old accuracy=-0.1579999999999997:0.6428571428571428
old accuracy=-0.1569999999999997:0.6428571428571428
old accuracy=-0.1559999999999997:0.6406926406926406
old accuracy=-0.1549999999999997:0.6385281385281384
old accuracy=-0.1539999999999997:0.6385281385281384
old accuracy=-0.1529999999999997:0.6385281385281384
old accuracy=-0.1519999999999997:0.6385281385281384
old accuracy=-0.1509999999999997:0.6406926406926406
old accuracy=-0.1499999999999997:0.6406926406926406
old accuracy=-0.1489999999999997:0.6428571428571428
old accuracy=-0.1479999999999997:0.6428571428571428
old accuracy=-0.1469999999999997:0.6428571428571428
old accuracy=-0.14599999999999969:0.6428571428571428
old accuracy=-0.14499999999999968:0.6428571428571428
old accuracy=-0.14399999999999968:0.6428571428571428
old accuracy=-0.14299999999999968:0.6428571428571428
old accuracy=-0.14199999999999968:0.6428571428571428
old accuracy=-0.14099999999999968:0.6428571428571428
old accuracy=-0.13999999999999968:0.6428571428571428
old accuracy=-0.13899999999999968:0.6450216450216449
old accuracy=-0.13799999999999968:0.6450216450216449
old accuracy=-0.13699999999999968:0.6450216450216449
old accuracy=-0.13599999999999968:0.6450216450216449
old accuracy=-0.13499999999999968:0.6450216450216449
old accuracy=-0.13399999999999967:0.6428571428571428
old accuracy=-0.13299999999999967:0.6428571428571428
old accuracy=-0.13199999999999967:0.6428571428571428
old accuracy=-0.13099999999999967:0.6428571428571428
old accuracy=-0.12999999999999967:0.6428571428571428
old accuracy=-0.12899999999999967:0.6450216450216449
old accuracy=-0.12799999999999967:0.6450216450216449
old accuracy=-0.12699999999999967:0.6471861471861471
old accuracy=-0.12599999999999967:0.6471861471861471
old accuracy=-0.12499999999999967:0.6471861471861471
old accuracy=-0.12399999999999967:0.6450216450216449
old accuracy=-0.12299999999999967:0.6450216450216449
old accuracy=-0.12199999999999966:0.6450216450216449
old accuracy=-0.12099999999999966:0.6406926406926406
old accuracy=-0.11999999999999966:0.6406926406926406
old accuracy=-0.11899999999999966:0.6428571428571428
old accuracy=-0.11799999999999966:0.6428571428571428
old accuracy=-0.11699999999999966:0.6406926406926406
old accuracy=-0.11599999999999966:0.6406926406926406
old accuracy=-0.11499999999999966:0.6406926406926406
old accuracy=-0.11399999999999966:0.6406926406926406
