window=0
1 -0.14967409567617787 -0.06914964422956309 0.3174837486538765 -0.043159242466213034 0.2117141348656073 -0.0244040634808877 0.04992576619863877 -0.06080070896636657 
-0.14967409567617787 1 -0.028285337669141333 0.123754824138724 -0.08983429344093234 0.03591565842267631 0.026781051534835853 -0.09328234878377767 -0.009313440000609068 
-0.06914964422956309 -0.028285337669141333 1 -0.15163880651196368 0.0923774596440575 -0.05109895762285211 -0.03482610573684613 0.008689709093151837 -0.09382624139750724 
0.3174837486538765 0.123754824138724 -0.15163880651196368 1 0.07350484196610217 0.13107029524040445 0.01527681692454132 -0.06387481018413815 0.05549638912235173 
-0.043159242466213034 -0.08983429344093234 0.0923774596440575 0.07350484196610217 1 0.046369831160203163 0.05519401901206617 -0.10308327110445022 -0.04546646802870316 
0.2117141348656073 0.03591565842267631 -0.05109895762285211 0.13107029524040445 0.046369831160203163 1 0.09964750496422545 0.013371477833960038 -0.0820322916978395 
-0.0244040634808877 0.026781051534835853 -0.03482610573684613 0.01527681692454132 0.05519401901206617 0.09964750496422545 1 -0.023522898256152353 -0.12124440565030771 
0.04992576619863877 -0.09328234878377767 0.008689709093151837 -0.06387481018413815 -0.10308327110445022 0.013371477833960038 -0.023522898256152353 1 0.07618641752738947 
-0.06080070896636657 -0.009313440000609068 -0.09382624139750724 0.05549638912235173 -0.04546646802870316 -0.0820322916978395 -0.12124440565030771 0.07618641752738947 1 

window=1
1 -0.028411823681301338 -0.046951041521788785 -0.12642566642544134 0.028131073881378737 -0.17606579056788774 0.10257242381650804 -0.03311326916154947 -0.04016236014193406 
-0.028411823681301338 1 0.06539110947676215 0.1610114100645206 -0.15142559451457374 0.005835404184289873 -0.06312966717321764 -0.07973220396814988 -0.060475018677986554 
-0.046951041521788785 0.06539110947676215 1 0.10177217048588257 0.024919240127086517 0.004553618892505886 -0.019763977252879834 -0.008298636754810537 0.017721867402353916 
-0.12642566642544134 0.1610114100645206 0.10177217048588257 1 -0.026659046106008825 0.07197419198524871 -0.07223394899678166 0.05867938578340396 -0.00672671884537597 
0.028131073881378737 -0.15142559451457374 0.024919240127086517 -0.026659046106008825 1 -0.1173812633111427 0.04217653915882211 0.08698952927360196 0.023642488082434774 
-0.17606579056788774 0.005835404184289873 0.004553618892505886 0.07197419198524871 -0.1173812633111427 1 -0.0630700356656093 -0.10675567818648864 0.06823432951319185 
0.10257242381650804 -0.06312966717321764 -0.019763977252879834 -0.07223394899678166 0.04217653915882211 -0.0630700356656093 1 0.005643183859636295 0.023667613722509844 
-0.03311326916154947 -0.07973220396814988 -0.008298636754810537 0.05867938578340396 0.08698952927360196 -0.10675567818648864 0.005643183859636295 1 -0.03167173066668638 
-0.04016236014193406 -0.060475018677986554 0.017721867402353916 -0.00672671884537597 0.023642488082434774 0.06823432951319185 0.023667613722509844 -0.03167173066668638 1 

window=2
1 0.06960298294705476 0.08573014242613636 0.1558931480610493 0.02578833406712373 0.01707639131390999 -0.04967856600325116 0.015437671169968635 -0.07956678742660783 
0.06960298294705476 1 -0.05214570673912319 0.3672329436167963 -0.06765298911383912 -0.030696808798691234 -0.037175463987115076 0.03880260140626201 -0.03353084208463842 
0.08573014242613636 -0.05214570673912319 1 0.04430474863037851 0.04160109917395408 -0.0990216942678003 0.02648623216130371 -0.04055711977184199 0.05363459104364602 
0.1558931480610493 0.3672329436167963 0.04430474863037851 1 0.04649953966587895 0.05953591065686233 0.03151752419491413 0.01256986921157453 0.011669254634030984 
0.02578833406712373 -0.06765298911383912 0.04160109917395408 0.04649953966587895 1 0.012985410599267874 -0.020381937354786474 -0.023705417447748074 0.01580409158735813 
0.01707639131390999 -0.030696808798691234 -0.0990216942678003 0.05953591065686233 0.012985410599267874 1 -0.05610553765224672 0.0015274224222457332 0.15209178845103374 
-0.04967856600325116 -0.037175463987115076 0.02648623216130371 0.03151752419491413 -0.020381937354786474 -0.05610553765224672 1 0.0010948217460500797 -0.01212766848649264 
0.015437671169968635 0.03880260140626201 -0.04055711977184199 0.01256986921157453 -0.023705417447748074 0.0015274224222457332 0.0010948217460500797 1 -0.04625579755633226 
-0.07956678742660783 -0.03353084208463842 0.05363459104364602 0.011669254634030984 0.01580409158735813 0.15209178845103374 -0.01212766848649264 -0.04625579755633226 1 

window=3
1 0.354535496499912 -0.04646125057473762 -0.03703775073391533 -0.000574929024591498 0.12401775245219435 0.009801805538613453 0.017655656044522836 0.04500823494371204 
0.354535496499912 1 -0.1956491860575294 0.08855281095015263 -0.1425870353262142 -0.11230816625404802 0.11321821953560754 -0.03449942444354547 0.0472248173834041 
-0.04646125057473762 -0.1956491860575294 1 -0.07727494876527871 0.051069217917924924 0.12463823804120974 -0.14716605060860194 -0.09926964848822725 -0.01133178073052501 
-0.03703775073391533 0.08855281095015263 -0.07727494876527871 1 -0.05007006448933505 0.02617705369484314 -0.06123558613706167 -0.12282593654345153 0.06829989929184985 
-0.000574929024591498 -0.1425870353262142 0.051069217917924924 -0.05007006448933505 1 -0.0025436263011674827 0.020620092027774314 -0.09296681426725784 0.03886177611098048 
0.12401775245219435 -0.11230816625404802 0.12463823804120974 0.02617705369484314 -0.0025436263011674827 1 -0.042724101171367726 0.09483499770740529 0.0030621425858596675 
0.009801805538613453 0.11321821953560754 -0.14716605060860194 -0.06123558613706167 0.020620092027774314 -0.042724101171367726 1 0.04161033603779985 0.05284671398638675 
0.017655656044522836 -0.03449942444354547 -0.09926964848822725 -0.12282593654345153 -0.09296681426725784 0.09483499770740529 0.04161033603779985 1 0.008672403588016268 
0.04500823494371204 0.0472248173834041 -0.01133178073052501 0.06829989929184985 0.03886177611098048 0.0030621425858596675 0.05284671398638675 0.008672403588016268 1 

window=4
1 0.052991984085322116 -0.13995158336014885 -0.009230241780644853 0.1250849308428603 -0.04118499389330939 -0.07102572343035363 -0.0725292123740275 -0.041255845309104186 
0.052991984085322116 1 0.08018603616760256 -0.21402815199088698 -0.01655177745197982 -0.046656780388824516 0.0691730374659266 -0.007287075129050148 0.002542881622831768 
-0.13995158336014885 0.08018603616760256 1 -0.248651615369194 -0.14801759090816827 0.06482734724970987 0.058394885958656606 0.04494755410131489 0.024127568337697365 
-0.009230241780644853 -0.21402815199088698 -0.248651615369194 1 0.033879572056077334 0.057829260213186295 -0.1319053124403641 -0.20464124699756933 0.056487471327863956 
0.1250849308428603 -0.01655177745197982 -0.14801759090816827 0.033879572056077334 1 -0.06837097442605923 0.053504731092305476 -0.07904267245372319 -0.03859321167992609 
-0.04118499389330939 -0.046656780388824516 0.06482734724970987 0.057829260213186295 -0.06837097442605923 1 0.1683262945008226 -0.06056783432226338 -0.002782284662532898 
-0.07102572343035363 0.0691730374659266 0.058394885958656606 -0.1319053124403641 0.053504731092305476 0.1683262945008226 1 0.03657598414786104 -0.10093389690899145 
-0.0725292123740275 -0.007287075129050148 0.04494755410131489 -0.20464124699756933 -0.07904267245372319 -0.06056783432226338 0.03657598414786104 1 -0.01955990882250239 
-0.041255845309104186 0.002542881622831768 0.024127568337697365 0.056487471327863956 -0.03859321167992609 -0.002782284662532898 -0.10093389690899145 -0.01955990882250239 1 

window=5
1 -0.07212166847344172 -0.04137128193356525 0.10343207488011946 -0.07828464940831394 0.025911115987911692 0.0034877187988287465 0.002757312879963715 -0.024241984423921465 
-0.07212166847344172 1 -0.04381273976594868 0.036541804477578446 0.059494575188622126 0.027742943903385938 0.015546535460094636 -0.06695677667552366 0.07375290689057443 
-0.04137128193356525 -0.04381273976594868 1 0.044695718223536206 0.09648959964778814 0.09328023189424091 -0.03678368743065889 0.05750404587170324 -0.016199698839272306 
0.10343207488011946 0.036541804477578446 0.044695718223536206 1 0.0458253041230404 -0.021889528229029467 0.013625275717878057 -0.02298683444838299 -0.11475941497886837 
-0.07828464940831394 0.059494575188622126 0.09648959964778814 0.0458253041230404 1 -0.028236797324523243 -0.06246102698503167 0.04949433262971391 0.016664577930915702 
0.025911115987911692 0.027742943903385938 0.09328023189424091 -0.021889528229029467 -0.028236797324523243 1 0.08577986478192176 0.14257323200597485 -0.08418301419912397 
0.0034877187988287465 0.015546535460094636 -0.03678368743065889 0.013625275717878057 -0.06246102698503167 0.08577986478192176 1 0.06680042286599734 -0.04190290812463035 
0.002757312879963715 -0.06695677667552366 0.05750404587170324 -0.02298683444838299 0.04949433262971391 0.14257323200597485 0.06680042286599734 1 -0.02029399881129058 
-0.024241984423921465 0.07375290689057443 -0.016199698839272306 -0.11475941497886837 0.016664577930915702 -0.08418301419912397 -0.04190290812463035 -0.02029399881129058 1 

window=6
1 0.01279352305008433 -0.24813870834512514 0.04948305018554031 0.16841952569932755 -0.07868622728527308 0.11379177746435785 -0.008656355599110323 -0.178314641172345 
0.01279352305008433 1 0.014103149878579522 -0.17622202611115534 0.14234999689918418 -0.04993748874356373 0.012757205033788641 -0.02742250176807608 0.21224975396709433 
-0.24813870834512514 0.014103149878579522 1 -0.1729667561839963 0.012053333532429463 -0.015104677471225443 -0.027480040401520626 -0.09085255707825331 0.13095041047784609 
0.04948305018554031 -0.17622202611115534 -0.1729667561839963 1 0.05489318650654155 -0.02738058431827918 -0.04288842233216173 -0.015809102102136544 -0.1143827413489387 
0.16841952569932755 0.14234999689918418 0.012053333532429463 0.05489318650654155 1 0.03752648509408508 0.06968079178936928 0.08355479834949238 -0.0708298364512387 
-0.07868622728527308 -0.04993748874356373 -0.015104677471225443 -0.02738058431827918 0.03752648509408508 1 0.10229770794870058 0.15262453473631976 -0.009734208772322001 
0.11379177746435785 0.012757205033788641 -0.027480040401520626 -0.04288842233216173 0.06968079178936928 0.10229770794870058 1 0.09886461773931288 -0.07910486644701671 
-0.008656355599110323 -0.02742250176807608 -0.09085255707825331 -0.015809102102136544 0.08355479834949238 0.15262453473631976 0.09886461773931288 1 -0.06289823903575147 
-0.178314641172345 0.21224975396709433 0.13095041047784609 -0.1143827413489387 -0.0708298364512387 -0.009734208772322001 -0.07910486644701671 -0.06289823903575147 1 

window=7
1 -0.027408581167413855 0.06022427870179634 -0.015457874545375762 0.04672900732883947 -0.01993208448671914 -0.06389138695042433 0.0009346106779753189 -0.061593945779135864 
-0.027408581167413855 1 -0.04374949045063419 0.17201027994170912 -0.02232021390098813 0.10595537182466165 0.022670227222370283 -0.046285955654333306 -0.008153351762175956 
0.06022427870179634 -0.04374949045063419 1 -0.0010191003764101563 -0.021673875657695307 -0.14220886559724602 0.02333548611204029 -0.10956980415397628 -0.009766312940154691 
-0.015457874545375762 0.17201027994170912 -0.0010191003764101563 1 -0.014208910474883334 -0.0677552801145857 0.02117124281675372 0.04163460493292004 0.0409223043663719 
0.04672900732883947 -0.02232021390098813 -0.021673875657695307 -0.014208910474883334 1 0.08924499355082964 0.05402207619806485 0.03736540876719167 0.014029967265123778 
-0.01993208448671914 0.10595537182466165 -0.14220886559724602 -0.0677552801145857 0.08924499355082964 1 0.04068570719777178 0.10610990316202164 0.04252850494159872 
-0.06389138695042433 0.022670227222370283 0.02333548611204029 0.02117124281675372 0.05402207619806485 0.04068570719777178 1 -0.006282460553639932 -0.04124654353930346 
0.0009346106779753189 -0.046285955654333306 -0.10956980415397628 0.04163460493292004 0.03736540876719167 0.10610990316202164 -0.006282460553639932 1 0.00393403502134975 
-0.061593945779135864 -0.008153351762175956 -0.009766312940154691 0.0409223043663719 0.014029967265123778 0.04252850494159872 -0.04124654353930346 0.00393403502134975 1 

window=8
1 0.06169586444451335 0.0975254963097715 -0.0011290467059957609 -0.12680979795439734 0.004633028407434463 0.014038799621262373 -0.09641811013160648 -0.01914744959195515 
0.06169586444451335 1 -0.05049165632882205 -0.050518865055562925 -0.0725052921626003 -0.016199158262214783 -0.002766265594519581 -0.21404280934366163 0.045655476103027434 
0.0975254963097715 -0.05049165632882205 1 0.06920652228004431 -0.09720209954896017 -0.03295976708306128 -0.00031157412174854897 0.04437145660855213 -0.06606108045625791 
-0.0011290467059957609 -0.050518865055562925 0.06920652228004431 1 -0.04766417321352684 -0.027716792150308835 0.0036570701709901 0.011665030419044445 -0.01495373689355942 
-0.12680979795439734 -0.0725052921626003 -0.09720209954896017 -0.04766417321352684 1 -0.0500022286149242 -0.022092206824955142 0.08387885514809358 -0.039867819939372794 
0.004633028407434463 -0.016199158262214783 -0.03295976708306128 -0.027716792150308835 -0.0500022286149242 1 -0.10976016759326987 0.05820118372663758 -0.013037732305905967 
0.014038799621262373 -0.002766265594519581 -0.00031157412174854897 0.0036570701709901 -0.022092206824955142 -0.10976016759326987 1 -0.09220535472140046 -0.1178697199775415 
-0.09641811013160648 -0.21404280934366163 0.04437145660855213 0.011665030419044445 0.08387885514809358 0.05820118372663758 -0.09220535472140046 1 0.13833848385049105 
-0.01914744959195515 0.045655476103027434 -0.06606108045625791 -0.01495373689355942 -0.039867819939372794 -0.013037732305905967 -0.1178697199775415 0.13833848385049105 1 

window=9
1 0.08565445427176004 0.15109124713197225 -0.02539646005322804 0.08320647260974581 -0.023231589131926158 -0.04456945565695071 -0.004113931420525476 -0.031867076705018836 
0.08565445427176004 1 0.05409304939928295 0.09726234226985368 -0.03551938547834387 -0.0341323981806489 -0.07422505246020095 -0.18421314629820357 -0.13474278805883394 
0.15109124713197225 0.05409304939928295 1 -0.11357704620943102 0.26847132648557953 0.06546808846571552 -0.0419906310803366 -0.10724681857132674 0.021438618159829722 
-0.02539646005322804 0.09726234226985368 -0.11357704620943102 1 -0.03660463369283083 -0.06342385573217024 0.10124977482711593 0.14261514419566917 -0.16820659607060298 
0.08320647260974581 -0.03551938547834387 0.26847132648557953 -0.03660463369283083 1 0.1824153971903995 0.04318891952488226 -0.19478606727579742 -0.03739799138809951 
-0.023231589131926158 -0.0341323981806489 0.06546808846571552 -0.06342385573217024 0.1824153971903995 1 0.01721676056716142 0.048021288684187285 0.05229670194205158 
-0.04456945565695071 -0.07422505246020095 -0.0419906310803366 0.10124977482711593 0.04318891952488226 0.01721676056716142 1 -0.002618763130256997 -0.07531037805387422 
-0.004113931420525476 -0.18421314629820357 -0.10724681857132674 0.14261514419566917 -0.19478606727579742 0.048021288684187285 -0.002618763130256997 1 0.17452382777080666 
-0.031867076705018836 -0.13474278805883394 0.021438618159829722 -0.16820659607060298 -0.03739799138809951 0.05229670194205158 -0.07531037805387422 0.17452382777080666 1 

window=10
1 0.1879904981402089 -0.1433012274024043 -0.08282783236594127 -0.16456632385421022 -0.02872162383894735 -0.07037071016092135 0.05981663776548238 -0.027153951896781894 
0.1879904981402089 1 -0.0004961520102307313 -0.26585772265382945 0.043382468555580235 -0.09141068147434014 -0.08041974674479961 -0.06179009779092557 -0.19422461874781588 
-0.1433012274024043 -0.0004961520102307313 1 0.09850159418090422 0.15060005078792454 0.040231605653773726 0.021521431963277278 0.016335300943485842 -0.09727338240685385 
-0.08282783236594127 -0.26585772265382945 0.09850159418090422 1 0.08672825932302905 0.04270017744514595 0.007685953344773717 0.043654544506376326 -0.010920238469564296 
-0.16456632385421022 0.043382468555580235 0.15060005078792454 0.08672825932302905 1 0.1532350713956802 -0.02026204801257217 -0.05848549803923679 -0.022951861376662854 
-0.02872162383894735 -0.09141068147434014 0.040231605653773726 0.04270017744514595 0.1532350713956802 1 -0.21634574947774732 0.062121134129479616 0.19739367940282135 
-0.07037071016092135 -0.08041974674479961 0.021521431963277278 0.007685953344773717 -0.02026204801257217 -0.21634574947774732 1 -0.03501663331542109 -0.005624562469953824 
0.05981663776548238 -0.06179009779092557 0.016335300943485842 0.043654544506376326 -0.05848549803923679 0.062121134129479616 -0.03501663331542109 1 -0.15096928277903662 
-0.027153951896781894 -0.19422461874781588 -0.09727338240685385 -0.010920238469564296 -0.022951861376662854 0.19739367940282135 -0.005624562469953824 -0.15096928277903662 1 

window=11
1 -0.02993550922021117 -0.004908060927283518 -0.0587693676005106 -0.1332134348548467 -0.078742102914132 0.010959366300267117 0.01725418497494051 0.07443701238029372 
-0.02993550922021117 1 0.1292395769335311 -0.02834025278030651 -0.006818978087392306 0.057033263278066654 0.019993167427328307 0.08937635298888179 -0.02082649475539833 
-0.004908060927283518 0.1292395769335311 1 -0.10649487556649533 -0.07027949118915033 -0.0607720508588126 0.0641887258297854 -0.04083412170985129 -0.06896118597121768 
-0.0587693676005106 -0.02834025278030651 -0.10649487556649533 1 0.022726631263174858 -0.02769147875227037 -0.03821865376213151 0.03687120346241815 -0.0430873003717676 
-0.1332134348548467 -0.006818978087392306 -0.07027949118915033 0.022726631263174858 1 0.008622058034303055 0.07922661023522541 0.05733885110991181 0.09427351875858836 
-0.078742102914132 0.057033263278066654 -0.0607720508588126 -0.02769147875227037 0.008622058034303055 1 0.06299020983209372 0.14831480484886359 0.02715254245264593 
0.010959366300267117 0.019993167427328307 0.0641887258297854 -0.03821865376213151 0.07922661023522541 0.06299020983209372 1 0.110716631913172 -0.11589937053284542 
0.01725418497494051 0.08937635298888179 -0.04083412170985129 0.03687120346241815 0.05733885110991181 0.14831480484886359 0.110716631913172 1 -0.026579102021588457 
0.07443701238029372 -0.02082649475539833 -0.06896118597121768 -0.0430873003717676 0.09427351875858836 0.02715254245264593 -0.11589937053284542 -0.026579102021588457 1 

window=12
1 -0.01863744105968816 0.048080296767462435 0.12920558568514146 -0.1016868424158116 -0.037427712841719876 -0.046996834303403 0.0012010835889769865 -0.01313081831506875 
-0.01863744105968816 1 0.11112207584738878 -0.020164909071680923 0.05101059665054244 0.05539707022667139 -0.058746501425545744 0.05792358957674434 -0.048027623764581785 
0.048080296767462435 0.11112207584738878 1 -0.026763324712992243 -0.08659505803011429 0.1287855395631812 0.06863297782109708 0.12349851167095374 -0.046737114763381334 
0.12920558568514146 -0.020164909071680923 -0.026763324712992243 1 -0.09429763068999385 0.16558896732863662 -0.045945402408321435 0.08342843010217645 -0.19579250702873552 
-0.1016868424158116 0.05101059665054244 -0.08659505803011429 -0.09429763068999385 1 -0.009321768133237603 -0.030868418536059768 0.00026818320421586076 0.012843052927556619 
-0.037427712841719876 0.05539707022667139 0.1287855395631812 0.16558896732863662 -0.009321768133237603 1 0.03675113758139721 0.45877684659992685 -0.12250822994586844 
-0.046996834303403 -0.058746501425545744 0.06863297782109708 -0.045945402408321435 -0.030868418536059768 0.03675113758139721 1 0.11844652237798012 0.0385782347914802 
0.0012010835889769865 0.05792358957674434 0.12349851167095374 0.08342843010217645 0.00026818320421586076 0.45877684659992685 0.11844652237798012 1 0.11819755402031848 
-0.01313081831506875 -0.048027623764581785 -0.046737114763381334 -0.19579250702873552 0.012843052927556619 -0.12250822994586844 0.0385782347914802 0.11819755402031848 1 

window=18
1 0.19568201958866363 -0.22977665063992062 -0.15326629970816305 0.032651577073376965 -0.0075978168555459165 -0.004019713902506565 -0.09283873188278406 -0.005906677537812276 
0.19568201958866363 1 -0.12114501932913001 -0.04726701111338474 -0.10701472654839116 -0.04526578603282096 0.11886815158985164 -0.04510311633912509 -0.06536301327834901 
-0.22977665063992062 -0.12114501932913001 1 0.01820780070131517 0.008480355193122931 -0.010306379900641276 0.06724958359764648 -0.17185599191058554 0.06306761231853714 
-0.15326629970816305 -0.04726701111338474 0.01820780070131517 1 -0.026345455075988258 0.13504675518357467 -0.024744821710089848 -0.018905677302504646 -0.13316605792035277 
0.032651577073376965 -0.10701472654839116 0.008480355193122931 -0.026345455075988258 1 -0.06542377539446846 -0.09135640835120386 -0.07700226435193716 0.06134708352487593 
-0.0075978168555459165 -0.04526578603282096 -0.010306379900641276 0.13504675518357467 -0.06542377539446846 1 -0.09117495747743223 0.053690303895885735 -0.061580064865553806 
-0.004019713902506565 0.11886815158985164 0.06724958359764648 -0.024744821710089848 -0.09135640835120386 -0.09117495747743223 1 0.05736459567304335 -0.04497796028978488 
-0.09283873188278406 -0.04510311633912509 -0.17185599191058554 -0.018905677302504646 -0.07700226435193716 0.053690303895885735 0.05736459567304335 1 -0.13584036448851333 
-0.005906677537812276 -0.06536301327834901 0.06306761231853714 -0.13316605792035277 0.06134708352487593 -0.061580064865553806 -0.04497796028978488 -0.13584036448851333 1 

window=19
1 -0.19985633294812524 0.07598422011731042 0.0067834817388153276 -0.10275944504355794 -0.08190052622447866 -0.11870493236817126 0.11576631822318353 0.036913479689216246 
-0.19985633294812524 1 0.029691593282635736 -0.0038024654049158366 -0.21445939607510886 -0.1329983547445404 0.09023815114674157 0.019255734207706057 -0.012497723244061216 
0.07598422011731042 0.029691593282635736 1 -0.004244758212318388 -0.1984247664423488 -0.05584453971100187 0.1507784557784831 -0.021304460890578428 0.1387046094382395 
0.0067834817388153276 -0.0038024654049158366 -0.004244758212318388 1 0.012565837531320933 -0.05390187961449191 0.016002045915540716 -0.03633147030644274 -0.08743557490508018 
-0.10275944504355794 -0.21445939607510886 -0.1984247664423488 0.012565837531320933 1 0.05776898756260175 0.02001548537494779 -0.01922331665417293 -0.005719534560346418 
-0.08190052622447866 -0.1329983547445404 -0.05584453971100187 -0.05390187961449191 0.05776898756260175 1 -0.0562613111399098 -0.1302111171657292 -0.0385228532473898 
-0.11870493236817126 0.09023815114674157 0.1507784557784831 0.016002045915540716 0.02001548537494779 -0.0562613111399098 1 -0.0006228199373302241 -0.061211005281779585 
0.11576631822318353 0.019255734207706057 -0.021304460890578428 -0.03633147030644274 -0.01922331665417293 -0.1302111171657292 -0.0006228199373302241 1 0.01102731039944606 
0.036913479689216246 -0.012497723244061216 0.1387046094382395 -0.08743557490508018 -0.005719534560346418 -0.0385228532473898 -0.061211005281779585 0.01102731039944606 1 

window=20
1 -0.1192375055015276 0.05144910521454834 -0.020862383357238 0.11780760344784166 0.07827714100818303 -0.1219762904266055 0.08454727256193482 0.030888765100212774 
-0.1192375055015276 1 0.06717453005307761 0.19974724270009017 -0.03993868403168545 0.0827957282632219 -0.06874232746296387 0.049109041788620515 -0.055720090315942654 
0.05144910521454834 0.06717453005307761 1 0.1563229261871004 0.05612780816206444 -0.0684763870062941 -0.03173358623598044 -0.07069352018143062 0.12123099290738983 
-0.020862383357238 0.19974724270009017 0.1563229261871004 1 -0.027705410039019655 0.007222123356751232 -0.03223722869087251 -0.018446006921097442 0.1197203715016337 
0.11780760344784166 -0.03993868403168545 0.05612780816206444 -0.027705410039019655 1 0.03852255986145874 -0.09935344421726339 -0.014480084557820617 0.010988338269321853 
0.07827714100818303 0.0827957282632219 -0.0684763870062941 0.007222123356751232 0.03852255986145874 1 0.13521974715872523 0.04101383255686892 0.007057748266307971 
-0.1219762904266055 -0.06874232746296387 -0.03173358623598044 -0.03223722869087251 -0.09935344421726339 0.13521974715872523 1 0.020597386973325835 0.016901070652900592 
0.08454727256193482 0.049109041788620515 -0.07069352018143062 -0.018446006921097442 -0.014480084557820617 0.04101383255686892 0.020597386973325835 1 -0.021287934392837587 
0.030888765100212774 -0.055720090315942654 0.12123099290738983 0.1197203715016337 0.010988338269321853 0.007057748266307971 0.016901070652900592 -0.021287934392837587 1 

window=22
1 -0.16252941490597028 0.1938852573099007 0.07408992380293085 -0.14886447027346178 -0.036971039373043975 -0.01797981852838381 0.13182742627604924 -0.020286578817675947 
-0.16252941490597028 1 0.015353364349215779 0.04469861110266919 0.29463751735425797 -0.12244866983535042 -0.09035101843127144 -0.1306783066800432 0.07429334769430555 
0.1938852573099007 0.015353364349215779 1 0.0051722360684066625 0.03252907199397611 -0.06509897918425617 -0.07070086523112434 0.030696545780502422 -0.014717595525457016 
0.07408992380293085 0.04469861110266919 0.0051722360684066625 1 0.12545303371011857 -0.004759953871633635 0.0626087108880399 -0.11965919737578434 -0.07766529191861117 
-0.14886447027346178 0.29463751735425797 0.03252907199397611 0.12545303371011857 1 -0.2258458206300844 0.01716540636602553 -0.09847820422236118 -0.10101137556758448 
-0.036971039373043975 -0.12244866983535042 -0.06509897918425617 -0.004759953871633635 -0.2258458206300844 1 -0.12954070136920326 0.11530845160573466 0.02696085854241772 
-0.01797981852838381 -0.09035101843127144 -0.07070086523112434 0.0626087108880399 0.01716540636602553 -0.12954070136920326 1 -0.024818907645734797 0.040191590131652695 
0.13182742627604924 -0.1306783066800432 0.030696545780502422 -0.11965919737578434 -0.09847820422236118 0.11530845160573466 -0.024818907645734797 1 0.00938165401246978 
-0.020286578817675947 0.07429334769430555 -0.014717595525457016 -0.07766529191861117 -0.10101137556758448 0.02696085854241772 0.040191590131652695 0.00938165401246978 1 

window=23
1 -0.20992419737811155 0.10359811273515762 -0.02680832791782957 0.21553529637559848 0.04730967170928443 -0.014426364558242491 -0.1004413762904463 0.012100494801462726 
-0.20992419737811155 1 -0.021083205340210364 0.022074159212041224 0.07807176967551006 -0.1319894928749182 0.033281841652511385 0.254801911473258 -0.007908529824221784 
0.10359811273515762 -0.021083205340210364 1 -0.012683938790375953 0.3774355324860892 -0.014340607192272868 -0.01534812543062877 -0.02689685331833546 -0.03518078631163352 
-0.02680832791782957 0.022074159212041224 -0.012683938790375953 1 -0.046073810150598075 -0.055031071968009944 0.0010078798476477482 -0.037795504285872965 -0.11065399053737196 
0.21553529637559848 0.07807176967551006 0.3774355324860892 -0.046073810150598075 1 -0.018794756290912915 0.022498782050742978 0.1011471699138209 0.019267500204111655 
0.04730967170928443 -0.1319894928749182 -0.014340607192272868 -0.055031071968009944 -0.018794756290912915 1 -0.0469863931845666 -0.2269491925811462 0.03627162317998192 
-0.014426364558242491 0.033281841652511385 -0.01534812543062877 0.0010078798476477482 0.022498782050742978 -0.0469863931845666 1 0.006337919509742596 -0.01776009750894646 
-0.1004413762904463 0.254801911473258 -0.02689685331833546 -0.037795504285872965 0.1011471699138209 -0.2269491925811462 0.006337919509742596 1 -0.04635848605453939 
0.012100494801462726 -0.007908529824221784 -0.03518078631163352 -0.11065399053737196 0.019267500204111655 0.03627162317998192 -0.01776009750894646 -0.04635848605453939 1 

window=34
1 -0.03972401879335418 0.03807796339897539 0.023491786843822127 -0.046260011346066006 -0.05015766078393728 -0.051160234174796614 -0.016502865894609173 -0.031858242800390256 
-0.03972401879335418 1 -0.0974873857560368 0.02445685197152726 0.005828633362168741 -0.008971279422827737 -0.04900405066259557 0.014103273189215618 0.08919747339147652 
0.03807796339897539 -0.0974873857560368 1 0.002223122434963561 -0.03850553185375584 -0.07701245897258038 -0.08701618609272761 -0.1313602804245693 0.006945122274871286 
0.023491786843822127 0.02445685197152726 0.002223122434963561 1 0.09179513804740508 0.06835190499335954 0.008556689009416998 -0.10335403653141183 0.049684270340371525 
-0.046260011346066006 0.005828633362168741 -0.03850553185375584 0.09179513804740508 1 0.025325044028547825 0.031141768840514644 0.012653024198474113 -0.008928170194009459 
-0.05015766078393728 -0.008971279422827737 -0.07701245897258038 0.06835190499335954 0.025325044028547825 1 0.2178455205179641 -0.0018844277694274394 -0.0757611292809478 
-0.051160234174796614 -0.04900405066259557 -0.08701618609272761 0.008556689009416998 0.031141768840514644 0.2178455205179641 1 -0.08931133776886566 -0.1602737924943686 
-0.016502865894609173 0.014103273189215618 -0.1313602804245693 -0.10335403653141183 0.012653024198474113 -0.0018844277694274394 -0.08931133776886566 1 -0.006696256544171706 
-0.031858242800390256 0.08919747339147652 0.006945122274871286 0.049684270340371525 -0.008928170194009459 -0.0757611292809478 -0.1602737924943686 -0.006696256544171706 1 

window=35
1 0.10184564336082923 -0.0380089382394154 0.10179994300887195 -0.14267837528503272 -0.03602201716838604 -0.15083974885992077 -0.04046549458150728 0.0591212746743734 
0.10184564336082923 1 0.18841356883501179 -0.05401353006338247 -0.060545968365081644 0.2300030640668269 0.1892250797358107 0.2659774550480911 0.09930955045548161 
-0.0380089382394154 0.18841356883501179 1 -0.025779229916290784 0.1603555430691733 -0.04595586219632975 -0.033638586049200586 0.04671640560887793 -0.15513343979815208 
0.10179994300887195 -0.05401353006338247 -0.025779229916290784 1 -0.07177758317585999 -0.0014102648093357064 -0.42847987479476224 0.025471618353681103 0.032490896072675725 
-0.14267837528503272 -0.060545968365081644 0.1603555430691733 -0.07177758317585999 1 -0.047746172496963356 0.021176961960922298 -0.03992105938188855 -0.007309928917970895 
-0.03602201716838604 0.2300030640668269 -0.04595586219632975 -0.0014102648093357064 -0.047746172496963356 1 -0.0042057547210820456 0.4242892641073599 0.5335132987306901 
-0.15083974885992077 0.1892250797358107 -0.033638586049200586 -0.42847987479476224 0.021176961960922298 -0.0042057547210820456 1 0.07389660517730351 -0.04850244013085407 
-0.04046549458150728 0.2659774550480911 0.04671640560887793 0.025471618353681103 -0.03992105938188855 0.4242892641073599 0.07389660517730351 1 0.15088515922341542 
0.0591212746743734 0.09930955045548161 -0.15513343979815208 0.032490896072675725 -0.007309928917970895 0.5335132987306901 -0.04850244013085407 0.15088515922341542 1 

window=36
1 0.06018113894448213 0.19823589533590452 -0.14425289527051804 0.156887639531001 -0.1088798324480465 -0.05825162472780344 -0.08239123615751465 -0.10127716998741158 
0.06018113894448213 1 0.11552092258388412 -0.004596060264237171 0.09942447725549047 0.035938397693921036 -0.008061560010260156 -0.16307746817651683 -0.14770950871035649 
0.19823589533590452 0.11552092258388412 1 0.13753708442753199 0.06437083085946418 -0.032588953223396444 -0.04515095676667621 -0.16868495326622532 -0.16512666778072527 
-0.14425289527051804 -0.004596060264237171 0.13753708442753199 1 0.0481221697415983 -0.05731176103446593 -0.04261869328241391 -0.05681751624568833 -0.09970447386521694 
0.156887639531001 0.09942447725549047 0.06437083085946418 0.0481221697415983 1 -0.04813587690882645 -0.005991930249714419 -0.03927810613412737 -0.07589930343279681 
-0.1088798324480465 0.035938397693921036 -0.032588953223396444 -0.05731176103446593 -0.04813587690882645 1 0.17691164985569893 -0.05466362915163194 -0.23214682891332575 
-0.05825162472780344 -0.008061560010260156 -0.04515095676667621 -0.04261869328241391 -0.005991930249714419 0.17691164985569893 1 0.08545711883674363 0.036553845611090034 
-0.08239123615751465 -0.16307746817651683 -0.16868495326622532 -0.05681751624568833 -0.03927810613412737 -0.05466362915163194 0.08545711883674363 1 0.6089849722102958 
-0.10127716998741158 -0.14770950871035649 -0.16512666778072527 -0.09970447386521694 -0.07589930343279681 -0.23214682891332575 0.036553845611090034 0.6089849722102958 1 

window=37
1 -0.11511630328699773 -0.0024411761683267863 0.2593728340504594 0.12040451600464852 -0.010921543578233554 0.02952645123957044 -0.02005781230244333 0.06711747992882389 
-0.11511630328699773 1 -0.010376166385674937 -0.38963177384967285 -0.004475869085696224 0.08559635104863729 0.023414704547851762 0.07056253730029381 -0.0005164417027136133 
-0.0024411761683267863 -0.010376166385674937 1 -0.019746902271809707 0.01311581117900834 -0.06966937850894052 0.019217292163604658 -0.0860577358456108 0.09464749501921581 
0.2593728340504594 -0.38963177384967285 -0.019746902271809707 1 -0.022257902319475956 -0.0811441893051694 0.06397696822535212 -0.12415970209131574 0.04625262653348755 
0.12040451600464852 -0.004475869085696224 0.01311581117900834 -0.022257902319475956 1 -0.05660737498634314 0.03490586239563332 0.0595308285628351 0.04814488454768772 
-0.010921543578233554 0.08559635104863729 -0.06966937850894052 -0.0811441893051694 -0.05660737498634314 1 -0.23493459590737448 -0.05192878919295746 -0.023459009506022258 
0.02952645123957044 0.023414704547851762 0.019217292163604658 0.06397696822535212 0.03490586239563332 -0.23493459590737448 1 -0.08673330922079278 -0.017083070720791092 
-0.02005781230244333 0.07056253730029381 -0.0860577358456108 -0.12415970209131574 0.0595308285628351 -0.05192878919295746 -0.08673330922079278 1 -0.028911284652227132 
0.06711747992882389 -0.0005164417027136133 0.09464749501921581 0.04625262653348755 0.04814488454768772 -0.023459009506022258 -0.017083070720791092 -0.028911284652227132 1 

window=38
1 0.28082098045829296 -0.02563006937061386 -0.22956333834788042 0.08486315961079734 -0.07572532281247275 -0.08496162486671983 0.0013641111432217308 -0.07386086817313832 
0.28082098045829296 1 0.06306611383508749 0.09029496975450663 0.012797291198119247 -0.0569789609116764 -0.05898769570037858 -0.027853433281339362 -0.03143707768087506 
-0.02563006937061386 0.06306611383508749 1 0.0175234188862067 -0.04530988212475002 -0.15808406198019564 0.06577395005041053 0.03321589383849568 -0.11993518261566823 
-0.22956333834788042 0.09029496975450663 0.0175234188862067 1 -0.015622280646241757 -0.005055511758142047 0.07987518036143187 0.1378618976848885 0.0334426104969687 
0.08486315961079734 0.012797291198119247 -0.04530988212475002 -0.015622280646241757 1 -0.043071284466866776 -0.12218770085985699 -0.031557007497169554 0.044464738486952725 
-0.07572532281247275 -0.0569789609116764 -0.15808406198019564 -0.005055511758142047 -0.043071284466866776 1 -0.07249660398969988 -0.11384205417893616 0.018628100822769562 
-0.08496162486671983 -0.05898769570037858 0.06577395005041053 0.07987518036143187 -0.12218770085985699 -0.07249660398969988 1 0.02969291441835752 -0.07720561533324638 
0.0013641111432217308 -0.027853433281339362 0.03321589383849568 0.1378618976848885 -0.031557007497169554 -0.11384205417893616 0.02969291441835752 1 0.12856998732982486 
-0.07386086817313832 -0.03143707768087506 -0.11993518261566823 0.0334426104969687 0.044464738486952725 0.018628100822769562 -0.07720561533324638 0.12856998732982486 1 

window=41
1 0.05220093194360194 -0.0814406431370684 -0.0022418484633607975 -0.1540274313026676 -0.052205696356686385 0.12249972119096868 -0.019157470092841775 0.026289337352227053 
0.05220093194360194 1 0.013943366241405204 -0.0774220482722852 0.036527051385593604 0.02704721827117966 -0.03729008251362039 -0.014971828951057907 -0.08070939045984839 
-0.0814406431370684 0.013943366241405204 1 -0.06443352686983818 -0.009660493996225232 -0.06667532544841882 0.025503522148821456 0.03848019251321888 -0.05719423997026752 
-0.0022418484633607975 -0.0774220482722852 -0.06443352686983818 1 0.028830439929719637 0.016891566249365924 0.005006172601647763 -0.0429365561821741 -0.02324893875463833 
-0.1540274313026676 0.036527051385593604 -0.009660493996225232 0.028830439929719637 1 -0.04680154211785691 -0.12035181735872742 0.03657162079924412 -0.022191408307535857 
-0.052205696356686385 0.02704721827117966 -0.06667532544841882 0.016891566249365924 -0.04680154211785691 1 0.07832235205360408 0.0016127470175486289 0.00724999744274896 
0.12249972119096868 -0.03729008251362039 0.025503522148821456 0.005006172601647763 -0.12035181735872742 0.07832235205360408 1 0.00767148623390683 0.10089445865928827 
-0.019157470092841775 -0.014971828951057907 0.03848019251321888 -0.0429365561821741 0.03657162079924412 0.0016127470175486289 0.00767148623390683 1 -0.045100129817024506 
0.026289337352227053 -0.08070939045984839 -0.05719423997026752 -0.02324893875463833 -0.022191408307535857 0.00724999744274896 0.10089445865928827 -0.045100129817024506 1 

window=45
1 -0.008950877732585774 -0.056963536114889364 -0.031472297994844335 0.1451853036256267 0.11582040808763187 0.05206812043986655 -0.1628539066855214 0.0024388160844267493 
-0.008950877732585774 1 -0.1477439066277236 -0.0227540308213015 -0.2378717211365452 -0.1416212742710014 0.15113478453393603 0.040613649152962755 0.007547354601891768 
-0.056963536114889364 -0.1477439066277236 1 -0.17069200007616173 0.061945495624475336 -0.09051369845175983 -0.0489366065170123 -0.02541515526891567 0.08846503666603389 
-0.031472297994844335 -0.0227540308213015 -0.17069200007616173 1 -0.14109018920795416 -0.24080453950474917 0.024906846534300777 0.0459016049554378 0.1198641972239595 
0.1451853036256267 -0.2378717211365452 0.061945495624475336 -0.14109018920795416 1 0.153769740114967 0.06342547946002061 -0.20622119890480248 0.04239148685984072 
0.11582040808763187 -0.1416212742710014 -0.09051369845175983 -0.24080453950474917 0.153769740114967 1 -0.042259434120715575 -0.2230724453985714 0.05843931485864449 
0.05206812043986655 0.15113478453393603 -0.0489366065170123 0.024906846534300777 0.06342547946002061 -0.042259434120715575 1 -0.07887140032760087 0.19460613798752258 
-0.1628539066855214 0.040613649152962755 -0.02541515526891567 0.0459016049554378 -0.20622119890480248 -0.2230724453985714 -0.07887140032760087 1 -0.3411600791764943 
0.0024388160844267493 0.007547354601891768 0.08846503666603389 0.1198641972239595 0.04239148685984072 0.05843931485864449 0.19460613798752258 -0.3411600791764943 1 

final matrix:
0.78125 0.010452117122181841 -0.0022066186411223475 0.00800918580124186 0.003369046464656121 -0.009987935522768394 -0.016703465874659342 -0.007845366283425897 -0.014253444127809977 
0.010452117122181841 0.78125 0.004213515763226859 0.0022818563358614806 -0.013937423349821978 -0.008511088406622756 0.008043835147505198 -0.009270948348477914 -0.008105699717447517 
-0.0022066186411223475 0.004213515763226859 0.78125 -0.015640608978946428 0.024883530816654696 -0.019810874216148393 -0.0015551386053380095 -0.023576313800133815 -0.006140962045669159 
0.00800918580124186 0.0022818563358614806 -0.015640608978946428 0.78125 0.0015764645181965686 0.0014722348495230415 -0.014511993536706742 -0.010880945747199382 -0.017699165343659964 
0.003369046464656121 -0.013937423349821978 0.024883530816654696 0.0015764645181965686 0.78125 -0.0007030525878447833 0.0010198933355358066 -0.01466994938549681 -0.0010451064152655811 
-0.009987935522768394 -0.008511088406622756 -0.019810874216148393 0.0014722348495230415 -0.0007030525878447833 0.78125 0.0017540347965581881 0.029766133034164633 0.015160405741747856 
-0.016703465874659342 0.008043835147505198 -0.0015551386053380095 -0.014511993536706742 0.0010198933355358066 0.0017540347965581881 0.78125 0.010023958207282432 -0.01981370738774679 
-0.007845366283425897 -0.009270948348477914 -0.023576313800133815 -0.010880945747199382 -0.01466994938549681 0.029766133034164633 0.010023958207282432 0.78125 0.013909975316713357 
-0.014253444127809977 -0.008105699717447517 -0.006140962045669159 -0.017699165343659964 -0.0010451064152655811 0.015160405741747856 -0.01981370738774679 0.013909975316713357 0.78125 

{1: [1, 2, 4, 3, 5], 6: [6, 8, 9, 7]}
new accuracy=1.0
