window=0
1 0.07173373647361202 0.039843722238422884 -0.12107708193385783 0.3606599089805887 -0.21873079241831167 -0.09606144002478148 0.14716563612299743 0.05794328281534104 
0.07173373647361202 1 -0.08090439113426437 -0.24139327089923326 0.020687401295036843 -0.24729980480543612 0.30886860620860584 0.1020668240310538 -0.05632873723759006 
0.039843722238422884 -0.08090439113426437 1 0.5220449390229713 0.12013486642179971 -0.027534610740625944 -0.02213205246815381 -0.01963856040875238 -0.0021209992407517572 
-0.12107708193385783 -0.24139327089923326 0.5220449390229713 1 0.15084077855167372 0.053283551198679564 -0.1900658813288789 -0.3487013757934589 0.03436253245030849 
0.3606599089805887 0.020687401295036843 0.12013486642179971 0.15084077855167372 1 0.05449070976317736 -0.0745043437545102 -0.06212695714109713 -0.10297681545764953 
-0.21873079241831167 -0.24729980480543612 -0.027534610740625944 0.053283551198679564 0.05449070976317736 1 0.0634062789011305 -0.4643755469866799 -0.6959385436392532 
-0.09606144002478148 0.30886860620860584 -0.02213205246815381 -0.1900658813288789 -0.0745043437545102 0.0634062789011305 1 -0.15108944652342687 -0.22873121929942594 
0.14716563612299743 0.1020668240310538 -0.01963856040875238 -0.3487013757934589 -0.06212695714109713 -0.4643755469866799 -0.15108944652342687 1 0.38937769611516876 
0.05794328281534104 -0.05632873723759006 -0.0021209992407517572 0.03436253245030849 -0.10297681545764953 -0.6959385436392532 -0.22873121929942594 0.38937769611516876 1 

window=1
1 -0.053750695559833896 0.10528385598195081 -0.24972954009475978 0.13737785175529058 -0.030947167584087443 -0.014286300187299001 0.008021261013963502 0.09473791292628742 
-0.053750695559833896 1 0.08592969176450009 0.04448182265099616 0.13389034640109648 0.08318825963542031 0.0797015160004606 -0.0025583894272646255 -0.05967077856084278 
0.10528385598195081 0.08592969176450009 1 0.05391131740791389 -0.061936569607075706 0.020861792757063874 0.04872776819811635 0.0007337404484656958 -0.057953986555839235 
-0.24972954009475978 0.04448182265099616 0.05391131740791389 1 0.026862043294537476 0.05435111221425459 0.01617615392889409 0.09768191089353845 -0.04960243680209442 
0.13737785175529058 0.13389034640109648 -0.061936569607075706 0.026862043294537476 1 -0.04743722713807648 -0.03235411815942559 -0.109695230153652 0.009753477856337511 
-0.030947167584087443 0.08318825963542031 0.020861792757063874 0.05435111221425459 -0.04743722713807648 1 0.6420720820066869 0.1129200051520042 -0.47580088858056696 
-0.014286300187299001 0.0797015160004606 0.04872776819811635 0.01617615392889409 -0.03235411815942559 0.6420720820066869 1 0.10115137194864235 -0.6048840227646912 
0.008021261013963502 -0.0025583894272646255 0.0007337404484656958 0.09768191089353845 -0.109695230153652 0.1129200051520042 0.10115137194864235 1 -0.19916354784933862 
0.09473791292628742 -0.05967077856084278 -0.057953986555839235 -0.04960243680209442 0.009753477856337511 -0.47580088858056696 -0.6048840227646912 -0.19916354784933862 1 

window=2
1 0.08824827438981826 0.09835460814363203 0.19415685641731967 0.09344214792127942 -0.21494971192648366 -0.04129765727288878 -0.0846400645786821 0.1427272253988447 
0.08824827438981826 1 0.03525936501490181 -0.08613601202872215 0.24488208482545604 -0.04332854825717613 -0.033185843308786996 -0.09736884019564213 0.004433421767680043 
0.09835460814363203 0.03525936501490181 1 -0.07905253050447626 -0.11861179465479298 -0.03510930151122262 0.03439726434435525 -0.07171087165740367 -0.039013975772749586 
0.19415685641731967 -0.08613601202872215 -0.07905253050447626 1 -0.036097808080184576 0.058832613929170656 -0.10471747467134701 0.022709072776865367 0.06089508226221671 
0.09344214792127942 0.24488208482545604 -0.11861179465479298 -0.036097808080184576 1 -0.06763713372352345 -0.025375247927258864 0.008510444582743628 0.058065483470421765 
-0.21494971192648366 -0.04332854825717613 -0.03510930151122262 0.058832613929170656 -0.06763713372352345 1 0.06486468384635534 0.06543255478394003 -0.02637189836338326 
-0.04129765727288878 -0.033185843308786996 0.03439726434435525 -0.10471747467134701 -0.025375247927258864 0.06486468384635534 1 -0.27127255838484826 -0.4924068972408104 
-0.0846400645786821 -0.09736884019564213 -0.07171087165740367 0.022709072776865367 0.008510444582743628 0.06543255478394003 -0.27127255838484826 1 0.4637253179750961 
0.1427272253988447 0.004433421767680043 -0.039013975772749586 0.06089508226221671 0.058065483470421765 -0.02637189836338326 -0.4924068972408104 0.4637253179750961 1 

window=3
1 0.1471626499771781 0.03613802440927147 -0.04611700848222126 0.05500096371070485 -0.11557237392195725 -0.17067704179787463 0.10547649654994845 -0.08046936552198201 
0.1471626499771781 1 -0.11300307947583785 -0.04792472141702358 -0.08067751053908481 -0.07958317301269494 0.07038597606659922 -0.14759474800513822 0.012412132411843566 
0.03613802440927147 -0.11300307947583785 1 0.05559896708768013 0.0738210438692979 0.08222991421057907 -0.009068124898729813 0.0421745389576009 0.0424737023327317 
-0.04611700848222126 -0.04792472141702358 0.05559896708768013 1 0.0677168274310476 0.01280128298085502 -0.02060878149546452 -0.044247317116230006 -0.034568779960227114 
0.05500096371070485 -0.08067751053908481 0.0738210438692979 0.0677168274310476 1 -0.13598075813431507 -0.0644202659518495 0.03478535788482546 -0.02989122388602525 
-0.11557237392195725 -0.07958317301269494 0.08222991421057907 0.01280128298085502 -0.13598075813431507 1 -0.0932046205677561 0.10229582826219982 0.03764084099721349 
-0.17067704179787463 0.07038597606659922 -0.009068124898729813 -0.02060878149546452 -0.0644202659518495 -0.0932046205677561 1 -0.4710121648310282 0.12371165055962566 
0.10547649654994845 -0.14759474800513822 0.0421745389576009 -0.044247317116230006 0.03478535788482546 0.10229582826219982 -0.4710121648310282 1 0.22567995483960188 
-0.08046936552198201 0.012412132411843566 0.0424737023327317 -0.034568779960227114 -0.02989122388602525 0.03764084099721349 0.12371165055962566 0.22567995483960188 1 

window=4
1 0.06820311659838348 -0.06453301241102047 -0.27124819083107665 0.10908703927939373 0.09019642045429109 0.14618722342676296 -0.12898019049177473 -0.09161141671599392 
0.06820311659838348 1 0.0538368065805911 -0.3075278089819795 -0.07803561509947918 -0.12087982434127575 -0.01634584283874648 -0.0067681523059231 0.029254708061170247 
-0.06453301241102047 0.0538368065805911 1 -0.07612112577384013 -0.22366872070696164 0.09107343668909258 -0.13906197427351732 -0.13832905248651484 -0.14014482936336428 
-0.27124819083107665 -0.3075278089819795 -0.07612112577384013 1 0.1300796120308674 0.16079229626244837 -0.0988470761406188 -0.08688611665486827 -0.009740443948201437 
0.10908703927939373 -0.07803561509947918 -0.22366872070696164 0.1300796120308674 1 0.03616680924890645 0.07822798884797934 -0.06140300745144564 -0.10010378072660157 
0.09019642045429109 -0.12087982434127575 0.09107343668909258 0.16079229626244837 0.03616680924890645 1 0.042519753145475465 -0.6381959822011061 -0.2561725043488373 
0.14618722342676296 -0.01634584283874648 -0.13906197427351732 -0.0988470761406188 0.07822798884797934 0.042519753145475465 1 0.002781521078254706 0.029572210385300966 
-0.12898019049177473 -0.0067681523059231 -0.13832905248651484 -0.08688611665486827 -0.06140300745144564 -0.6381959822011061 0.002781521078254706 1 0.6664863160017486 
-0.09161141671599392 0.029254708061170247 -0.14014482936336428 -0.009740443948201437 -0.10010378072660157 -0.2561725043488373 0.029572210385300966 0.6664863160017486 1 

window=5
1 0.03210253191875621 -0.09630887362289987 -0.10764272936995864 -0.026029474869771082 0.126641014507873 -0.06169277725483811 0.008821353333092866 0.06781723440401005 
0.03210253191875621 1 0.21845428135839512 -0.1510940283748706 0.023581562777360954 0.209051174366118 -0.2145338435301452 -0.09528744029925768 0.24418645157031107 
-0.09630887362289987 0.21845428135839512 1 -0.12203082295275601 0.36273432881269174 0.4692777935655956 0.14112907167593208 -0.022239759320242563 0.29322096401859843 
-0.10764272936995864 -0.1510940283748706 -0.12203082295275601 1 -0.14186336988031656 -0.242205186331148 0.06298068043630003 0.07721876648025347 -0.3195259280272577 
-0.026029474869771082 0.023581562777360954 0.36273432881269174 -0.14186336988031656 1 0.3384707627249779 0.0590218019857751 -0.07777256327891818 0.3166958507243835 
0.126641014507873 0.209051174366118 0.4692777935655956 -0.242205186331148 0.3384707627249779 1 -0.1758164779133147 -0.07379013156026884 0.798672419586291 
-0.06169277725483811 -0.2145338435301452 0.14112907167593208 0.06298068043630003 0.0590218019857751 -0.1758164779133147 1 0.1859807709896827 -0.1700647512678152 
0.008821353333092866 -0.09528744029925768 -0.022239759320242563 0.07721876648025347 -0.07777256327891818 -0.07379013156026884 0.1859807709896827 1 0.014230592086047182 
0.06781723440401005 0.24418645157031107 0.29322096401859843 -0.3195259280272577 0.3166958507243835 0.798672419586291 -0.1700647512678152 0.014230592086047182 1 

window=6
1 0.5525413463429143 0.6162929780955964 0.4618260003323757 -0.17640982217970885 -0.24705479609935443 -0.029302918129308176 0.6222806372815172 -0.029175918118649193 
0.5525413463429143 1 0.36318109110105323 0.34109095181408966 -0.12261088098718999 -0.5519282617133839 0.20850982939771898 0.37701232374479976 -0.13777546898039977 
0.6162929780955964 0.36318109110105323 1 0.5923478161765213 -0.13188289395795683 -0.1175944154751505 -0.07296195638504122 0.8743949323220664 0.293123294223514 
0.4618260003323757 0.34109095181408966 0.5923478161765213 1 0.06684532956383524 -0.2760557140581039 0.021960768281074322 0.3468085175537276 0.008124608932146494 
-0.17640982217970885 -0.12261088098718999 -0.13188289395795683 0.06684532956383524 1 0.0418559704363693 0.17746967754430384 -0.3161793019683531 -0.13844884802569835 
-0.24705479609935443 -0.5519282617133839 -0.1175944154751505 -0.2760557140581039 0.0418559704363693 1 -0.15010614421219648 -0.11477132525593914 -0.09304426898135867 
-0.029302918129308176 0.20850982939771898 -0.07296195638504122 0.021960768281074322 0.17746967754430384 -0.15010614421219648 1 -0.126945129824894 -0.19866474231409176 
0.6222806372815172 0.37701232374479976 0.8743949323220664 0.3468085175537276 -0.3161793019683531 -0.11477132525593914 -0.126945129824894 1 0.19371603420248037 
-0.029175918118649193 -0.13777546898039977 0.293123294223514 0.008124608932146494 -0.13844884802569835 -0.09304426898135867 -0.19866474231409176 0.19371603420248037 1 

window=7
1 0.32859899278531235 -0.12537685230468876 -0.45538912732022424 -0.6347323408598088 0.7679622288246527 -0.011901116286958568 -0.21285914969803893 -0.5283055150760825 
0.32859899278531235 1 -0.6513981212385321 -0.5914657749365749 -0.29046781074038663 0.5619829192995525 0.012884777591957648 0.2099634435247996 -0.15295648761251238 
-0.12537685230468876 -0.6513981212385321 1 0.6518467151117034 0.16440812821659742 -0.3643305169723303 -0.007205264832958666 -0.11147679572158534 0.28074432176450703 
-0.45538912732022424 -0.5914657749365749 0.6518467151117034 1 0.5211192057669995 -0.6518151680767226 -0.0071347202621566816 -0.09593129200581171 0.37370413316138706 
-0.6347323408598088 -0.29046781074038663 0.16440812821659742 0.5211192057669995 1 -0.7706114593117305 0.013445181691813473 0.20428203156082356 0.612564341881337 
0.7679622288246527 0.5619829192995525 -0.3643305169723303 -0.6518151680767226 -0.7706114593117305 1 -0.009621602158509828 -0.3436307721088598 -0.6859291956605488 
-0.011901116286958568 0.012884777591957648 -0.007205264832958666 -0.0071347202621566816 0.013445181691813473 -0.009621602158509828 1 0.02117916743624361 0.023861804597836433 
-0.21285914969803893 0.2099634435247996 -0.11147679572158534 -0.09593129200581171 0.20428203156082356 -0.3436307721088598 0.02117916743624361 1 0.7203481650890194 
-0.5283055150760825 -0.15295648761251238 0.28074432176450703 0.37370413316138706 0.612564341881337 -0.6859291956605488 0.023861804597836433 0.7203481650890194 1 

window=8
1 0.8583542335395892 0.052225548135841876 0.018999550684010123 -0.30056344046182665 -0.30878307304591035 -0.522445758809835 -0.016210638255531293 -0.636390926492652 
0.8583542335395892 1 0.023275287205961986 0.08466404934923119 -0.2558404967073798 -0.2573993087184711 -0.5204660058889793 -0.2295047832676321 -0.7250636381453367 
0.052225548135841876 0.023275287205961986 1 0.23785348886252333 -0.011909756685164693 0.3776460398258296 0.03019983414389394 -0.18879171236015338 -0.2897533765791745 
0.018999550684010123 0.08466404934923119 0.23785348886252333 1 0.11514282575705977 0.018647237539199796 0.18457488004928754 -0.36473008522650785 -0.1652427698346976 
-0.30056344046182665 -0.2558404967073798 -0.011909756685164693 0.11514282575705977 1 0.20837827198138748 0.3550347344781763 -0.005125553233581807 0.29170424572187 
-0.30878307304591035 -0.2573993087184711 0.3776460398258296 0.018647237539199796 0.20837827198138748 1 0.1628315217380319 0.152050466524083 -0.12853619083728662 
-0.522445758809835 -0.5204660058889793 0.03019983414389394 0.18457488004928754 0.3550347344781763 0.1628315217380319 1 -0.15883296447200831 0.5178793846531583 
-0.016210638255531293 -0.2295047832676321 -0.18879171236015338 -0.36473008522650785 -0.005125553233581807 0.152050466524083 -0.15883296447200831 1 0.2331246343322752 
-0.636390926492652 -0.7250636381453367 -0.2897533765791745 -0.1652427698346976 0.29170424572187 -0.12853619083728662 0.5178793846531583 0.2331246343322752 1 

window=9
1 -0.5904534979510994 -0.36512117930026655 -0.26472532343799626 0.3365948396340022 -0.03099147142307205 -0.34713521685161014 -0.5682143878698184 0.36904971840666606 
-0.5904534979510994 1 0.586257084010362 0.5596869645007798 -0.13554459863664775 -0.235721261600522 0.134771942932723 0.19287498183385188 -0.6744746389116213 
-0.36512117930026655 0.586257084010362 1 0.4864056460966459 0.3122377529203834 -0.4000209196603733 -0.32934059119046094 0.2569328597258573 -0.5136833352892523 
-0.26472532343799626 0.5596869645007798 0.4864056460966459 1 -0.17914223149599376 -0.5540764581730442 0.08280443810744322 0.27334397057903004 -0.5753734519656097 
0.3365948396340022 -0.13554459863664775 0.3122377529203834 -0.17914223149599376 1 -0.23582090915627993 -0.839932936214229 -0.5410904581451783 -0.29381482957876304 
-0.03099147142307205 -0.235721261600522 -0.4000209196603733 -0.5540764581730442 -0.23582090915627993 1 0.32576048660450835 0.040384801488435665 0.41849062836756107 
-0.34713521685161014 0.134771942932723 -0.32934059119046094 0.08280443810744322 -0.839932936214229 0.32576048660450835 1 0.43755942080479565 0.20077991245696886 
-0.5682143878698184 0.19287498183385188 0.2569328597258573 0.27334397057903004 -0.5410904581451783 0.040384801488435665 0.43755942080479565 1 -0.009833911375085458 
0.36904971840666606 -0.6744746389116213 -0.5136833352892523 -0.5753734519656097 -0.29381482957876304 0.41849062836756107 0.20077991245696886 -0.009833911375085458 1 

window=10
1 -0.25530933879982093 0.38752783190170625 0.3749314717155842 -0.589774284210102 -0.3122491224638263 -0.1279283036659732 0.3514507909858873 -0.3102958042181596 
-0.25530933879982093 1 0.14459385645214928 0.13447780353446132 0.15541324814494634 -0.04500954592730671 0.1866525520925846 -0.021823744929316918 -0.10221074476173891 
0.38752783190170625 0.14459385645214928 1 0.2676930415890297 0.015786126284439345 -0.32600062277663533 0.2222780823839778 -0.06865670728798558 -0.5858056972666197 
0.3749314717155842 0.13447780353446132 0.2676930415890297 1 -0.3180144292809281 -0.24835792474290105 0.23496039217544126 0.017440343841510646 -0.3132908381323369 
-0.589774284210102 0.15541324814494634 0.015786126284439345 -0.3180144292809281 1 0.19610189463813832 0.32848905594647815 -0.551949784884686 0.20464537868038296 
-0.3122491224638263 -0.04500954592730671 -0.32600062277663533 -0.24835792474290105 0.19610189463813832 1 0.0001310588976287665 -0.1944057535601679 0.43184255147650086 
-0.1279283036659732 0.1866525520925846 0.2222780823839778 0.23496039217544126 0.32848905594647815 0.0001310588976287665 1 -0.34752351053019165 -0.12713458858815696 
0.3514507909858873 -0.021823744929316918 -0.06865670728798558 0.017440343841510646 -0.551949784884686 -0.1944057535601679 -0.34752351053019165 1 -0.11338141041029628 
-0.3102958042181596 -0.10221074476173891 -0.5858056972666197 -0.3132908381323369 0.20464537868038296 0.43184255147650086 -0.12713458858815696 -0.11338141041029628 1 

window=11
1 -0.09344779320005801 -0.3759344090579014 -0.23398275341811228 0.17493167461529038 0.026887033150279255 -0.2899450146219862 -0.3099064938091848 -0.01427664272233548 
-0.09344779320005801 1 -0.05077439139863931 -0.006139914367814345 0.26080989618933154 0.34851489749929865 0.32566656453676834 -0.20012386236924276 0.1359622028883435 
-0.3759344090579014 -0.05077439139863931 1 0.5968857143109795 -0.25232796586574757 0.10916954255176121 0.32363847553492986 0.49894748969308056 -0.31937658424890103 
-0.23398275341811228 -0.006139914367814345 0.5968857143109795 1 -0.38882457502135537 0.01982533685649582 0.31174181892648656 0.5199853040801503 -0.33735507951687765 
0.17493167461529038 0.26080989618933154 -0.25232796586574757 -0.38882457502135537 1 0.20873880278522222 -0.015915997430066654 -0.5375045969680794 0.3346874777261326 
0.026887033150279255 0.34851489749929865 0.10916954255176121 0.01982533685649582 0.20873880278522222 1 0.3137451053090044 -0.21033662270449202 -0.030645751635872777 
-0.2899450146219862 0.32566656453676834 0.32363847553492986 0.31174181892648656 -0.015915997430066654 0.3137451053090044 1 0.10597176066572199 -0.021431706993387287 
-0.3099064938091848 -0.20012386236924276 0.49894748969308056 0.5199853040801503 -0.5375045969680794 -0.21033662270449202 0.10597176066572199 1 -0.37092307357923954 
-0.01427664272233548 0.1359622028883435 -0.31937658424890103 -0.33735507951687765 0.3346874777261326 -0.030645751635872777 -0.021431706993387287 -0.37092307357923954 1 

window=12
1 -0.09798561418658171 0.3517213772162768 0.2789086940376538 -0.5837693789928242 -0.291637406589179 -0.19135127082044665 -0.749354951089323 -0.4528356953989094 
-0.09798561418658171 1 -0.37257186167016776 -0.31558818670388017 0.35773179245770886 0.455357277034305 0.0811684002779294 0.24799358768948646 0.4219114852047099 
0.3517213772162768 -0.37257186167016776 1 -0.01477774922945443 -0.29359034309272275 -0.23040878779426455 0.0979077333687912 -0.6999945176995039 -0.2507460647209984 
0.2789086940376538 -0.31558818670388017 -0.01477774922945443 1 -0.14094601190782519 -0.1090044164508939 -0.04101689677498543 0.0026745298485266753 -0.19418808956298678 
-0.5837693789928242 0.35773179245770886 -0.29359034309272275 -0.14094601190782519 1 0.3812625662686428 0.1170337073406762 0.47019378616799146 0.4626034495036618 
-0.291637406589179 0.455357277034305 -0.23040878779426455 -0.1090044164508939 0.3812625662686428 1 0.27936420474450974 0.30228334743105806 0.572302817570017 
-0.19135127082044665 0.0811684002779294 0.0979077333687912 -0.04101689677498543 0.1170337073406762 0.27936420474450974 1 0.014955453596113775 0.5411620665349375 
-0.749354951089323 0.24799358768948646 -0.6999945176995039 0.0026745298485266753 0.47019378616799146 0.30228334743105806 0.014955453596113775 1 0.33973458096075715 
-0.4528356953989094 0.4219114852047099 -0.2507460647209984 -0.19418808956298678 0.4626034495036618 0.572302817570017 0.5411620665349375 0.33973458096075715 1 

window=13
1 -0.1534735912822575 -0.23877151654752676 0.3462532102376205 -0.03373352771397739 0.09145415262828027 -0.0066511836805582735 -0.25233995585482244 -0.08239439711819302 
-0.1534735912822575 1 -0.3374318929482418 -0.6161357060757531 0.0009630296946372872 -0.4552916664588957 0.07605941863854139 0.10160107846468482 0.442557780606274 
-0.23877151654752676 -0.3374318929482418 1 0.04167405353858043 0.03479480825915261 -0.16872927484811018 -0.01133989500421396 0.019761927031502455 -0.11454996929597719 
0.3462532102376205 -0.6161357060757531 0.04167405353858043 1 -0.3141980337478552 0.1414630783673863 -0.05091268830399207 -0.48722960002664256 -0.2583189117059847 
-0.03373352771397739 0.0009630296946372872 0.03479480825915261 -0.3141980337478552 1 0.053747496984471094 0.015150354103125933 0.26591111379577453 0.02252524767128618 
0.09145415262828027 -0.4552916664588957 -0.16872927484811018 0.1414630783673863 0.053747496984471094 1 -0.027970316740969278 0.04538644565087814 -0.3754663170877785 
-0.0066511836805582735 0.07605941863854139 -0.01133989500421396 -0.05091268830399207 0.015150354103125933 -0.027970316740969278 1 0.037978543738119895 0.006618353564623926 
-0.25233995585482244 0.10160107846468482 0.019761927031502455 -0.48722960002664256 0.26591111379577453 0.04538644565087814 0.037978543738119895 1 0.14206969396889202 
-0.08239439711819302 0.442557780606274 -0.11454996929597719 -0.2583189117059847 0.02252524767128618 -0.3754663170877785 0.006618353564623926 0.14206969396889202 1 

window=14
1 0.0670014482769742 -0.04004780024819676 0.28850086938604863 -0.20266602941427633 0.35885132871711667 0.2524365925848961 0.07063411347724265 0.5441782004680523 
0.0670014482769742 1 0.07496195020857788 0.09535518060932924 -0.018760647135092432 0.07415634408427851 0.041769244230436715 0.11991431939257674 0.08924985846521605 
-0.04004780024819676 0.07496195020857788 1 0.6999087907822942 -0.0424914777600022 0.2751816318195575 0.23472863406653735 0.03756490930564042 0.3392869814256918 
0.28850086938604863 0.09535518060932924 0.6999087907822942 1 -0.023713425501287442 0.5392680320359402 0.3896781157613465 0.06429906717132144 0.5960237376700706 
-0.20266602941427633 -0.018760647135092432 -0.0424914777600022 -0.023713425501287442 1 -0.2368011712531853 -0.08976936352847596 0.1419306957801468 0.027599761017698076 
0.35885132871711667 0.07415634408427851 0.2751816318195575 0.5392680320359402 -0.2368011712531853 1 0.3683500577502643 -0.4489165759954233 0.5792151265774534 
0.2524365925848961 0.041769244230436715 0.23472863406653735 0.3896781157613465 -0.08976936352847596 0.3683500577502643 1 0.01934788883876534 0.47475438782678653 
0.07063411347724265 0.11991431939257674 0.03756490930564042 0.06429906717132144 0.1419306957801468 -0.4489165759954233 0.01934788883876534 1 -0.10948767956190249 
0.5441782004680523 0.08924985846521605 0.3392869814256918 0.5960237376700706 0.027599761017698076 0.5792151265774534 0.47475438782678653 -0.10948767956190249 1 

window=15
1 0.9143528682014568 0.6255864305159474 0.9629426199247161 0.8638197980038342 -0.8561961295445397 -0.7024088804534453 -0.7657717405329573 -0.3015715803209943 
0.9143528682014568 1 0.7208418154319037 0.9396295401668238 0.8089149144257751 -0.9364439654615873 -0.7292786027545938 -0.8956577998452648 -0.3565199940482056 
0.6255864305159474 0.7208418154319037 1 0.613582066521211 0.4500075534191607 -0.6859773958330772 -0.3975952552849742 -0.656160472373941 -0.2149562351896337 
0.9629426199247161 0.9396295401668238 0.613582066521211 1 0.8238455285311993 -0.8531292531913608 -0.6994179423611591 -0.7652868198493648 -0.19793914245671132 
0.8638197980038342 0.8089149144257751 0.4500075534191607 0.8238455285311993 1 -0.8324616836962685 -0.6944686877279521 -0.7270636279725434 -0.4723483187242415 
-0.8561961295445397 -0.9364439654615873 -0.6859773958330772 -0.8531292531913608 -0.8324616836962685 1 0.7208428643716124 0.9403017761075527 0.4708146825623568 
-0.7024088804534453 -0.7292786027545938 -0.3975952552849742 -0.6994179423611591 -0.6944686877279521 0.7208428643716124 1 0.6912271364210683 0.42112942280290605 
-0.7657717405329573 -0.8956577998452648 -0.656160472373941 -0.7652868198493648 -0.7270636279725434 0.9403017761075527 0.6912271364210683 1 0.5178626056123501 
-0.3015715803209943 -0.3565199940482056 -0.2149562351896337 -0.19793914245671132 -0.4723483187242415 0.4708146825623568 0.42112942280290605 0.5178626056123501 1 

window=16
1 0.8657349362758698 0.6066708931099806 -0.7124835485868621 -0.7168426990475274 -0.09617461270775206 0.5429383307431512 0.170530552147304 -0.28723743257911466 
0.8657349362758698 1 0.6986199162944555 -0.8599175127457908 -0.6107262055947055 -0.3218527102371885 0.568786388728216 -0.018558784740182674 -0.2684044188271491 
0.6066708931099806 0.6986199162944555 1 -0.6250543528583505 -0.4521303437851889 -0.30271044905677735 0.41882792887454384 -0.07540052508694214 -0.1348620404843542 
-0.7124835485868621 -0.8599175127457908 -0.6250543528583505 1 0.4777123664584228 0.5571142915104179 -0.5199962724573698 0.14400351366565226 0.3692055340218255 
-0.7168426990475274 -0.6107262055947055 -0.4521303437851889 0.4777123664584228 1 -0.003392750341384054 -0.3557265672508433 -0.22239027654630758 0.021033168464321506 
-0.09617461270775206 -0.3218527102371885 -0.30271044905677735 0.5571142915104179 -0.003392750341384054 1 -0.2690332997242896 0.36688420226623747 0.43815563524303036 
0.5429383307431512 0.568786388728216 0.41882792887454384 -0.5199962724573698 -0.3557265672508433 -0.2690332997242896 1 -0.06852411078796704 -0.4020919737376736 
0.170530552147304 -0.018558784740182674 -0.07540052508694214 0.14400351366565226 -0.22239027654630758 0.36688420226623747 -0.06852411078796704 1 0.20248109478329018 
-0.28723743257911466 -0.2684044188271491 -0.1348620404843542 0.3692055340218255 0.021033168464321506 0.43815563524303036 -0.4020919737376736 0.20248109478329018 1 

window=17
1 -0.06839489594830413 0.2924366045602874 -0.30441438858205194 0.3027372298773346 -0.18046488580834785 -0.016705353062646172 -0.4085083944908494 -0.5849846312466656 
-0.06839489594830413 1 0.06744916919156467 0.008826965952341316 -0.08845198852318181 0.09900523003102246 0.3296979324099696 -0.14125026271426294 0.29974014613603556 
0.2924366045602874 0.06744916919156467 1 -0.3466912235610588 -0.08035946194584281 -0.3813982604582257 0.355756446457958 -0.750352224638978 -0.13475203486608875 
-0.30441438858205194 0.008826965952341316 -0.3466912235610588 1 0.03449400053739811 0.3448252411077004 -0.1865982378827273 0.3678002735359296 0.47175403001432153 
0.3027372298773346 -0.08845198852318181 -0.08035946194584281 0.03449400053739811 1 0.055232240738183544 -0.07343407471643715 -0.04588313328914463 -0.2731008680467611 
-0.18046488580834785 0.09900523003102246 -0.3813982604582257 0.3448252411077004 0.055232240738183544 1 -0.3235510804872812 0.27794741437991044 0.49473916468629675 
-0.016705353062646172 0.3296979324099696 0.355756446457958 -0.1865982378827273 -0.07343407471643715 -0.3235510804872812 1 -0.4875527185840649 -0.018753506333066557 
-0.4085083944908494 -0.14125026271426294 -0.750352224638978 0.3678002735359296 -0.04588313328914463 0.27794741437991044 -0.4875527185840649 1 0.23878151490837135 
-0.5849846312466656 0.29974014613603556 -0.13475203486608875 0.47175403001432153 -0.2731008680467611 0.49473916468629675 -0.018753506333066557 0.23878151490837135 1 

window=18
1 0.026943136785234408 0.14086932245947414 -0.10130894426195235 0.22736812002436546 -0.3500124747572261 -0.02571748874156943 -0.27302200101489166 -0.45286232737382875 
0.026943136785234408 1 -0.23909920301979298 0.12717168321271785 -0.19649354449636958 -0.07138583633311557 -0.06231740444070817 0.26836683464757993 0.05176064348898175 
0.14086932245947414 -0.23909920301979298 1 0.012573868942119853 0.3256586766565168 -0.28714894784028916 0.064984784640382 -0.18029547616134917 -0.34012113458174725 
-0.10130894426195235 0.12717168321271785 0.012573868942119853 1 -0.4040742505540427 -0.014303003782980052 -0.03977410421045142 0.3722797506333668 0.0122188514335214 
0.22736812002436546 -0.19649354449636958 0.3256586766565168 -0.4040742505540427 1 -0.22801461136606513 0.06922187266100079 -0.5744932312937597 -0.21557035704371938 
-0.3500124747572261 -0.07138583633311557 -0.28714894784028916 -0.014303003782980052 -0.22801461136606513 1 -0.07557701730750259 -0.007272229164912579 0.5727177634963799 
-0.02571748874156943 -0.06231740444070817 0.064984784640382 -0.03977410421045142 0.06922187266100079 -0.07557701730750259 1 -0.008314755489023395 -0.0747230422277246 
-0.27302200101489166 0.26836683464757993 -0.18029547616134917 0.3722797506333668 -0.5744932312937597 -0.007272229164912579 -0.008314755489023395 1 -0.011597654137711218 
-0.45286232737382875 0.05176064348898175 -0.34012113458174725 0.0122188514335214 -0.21557035704371938 0.5727177634963799 -0.0747230422277246 -0.011597654137711218 1 

window=28
1 -0.14170047250141143 -0.2097580486486541 -0.24109092310299887 -0.07229451367521013 -0.3549092839425143 -0.31139191118899634 -0.14670466046588065 -0.27220662253366734 
-0.14170047250141143 1 0.22265431114566242 0.19526270441509322 -0.016171641278878646 0.15551662597090823 0.17630299848568043 0.08853243563838857 0.2186101562141556 
-0.2097580486486541 0.22265431114566242 1 0.3936202034320705 -0.20156013978862253 0.14242844687757725 0.10235411689350804 0.09825042053808097 0.1393254104359545 
-0.24109092310299887 0.19526270441509322 0.3936202034320705 1 -0.5918855589065468 0.1293098483950168 0.054930680668500285 0.2000934053003254 0.12182780917400164 
-0.07229451367521013 -0.016171641278878646 -0.20156013978862253 -0.5918855589065468 1 0.4259550937127966 0.5588946065431519 -0.11310335780065386 0.4688851566140946 
-0.3549092839425143 0.15551662597090823 0.14242844687757725 0.1293098483950168 0.4259550937127966 1 0.799602946726638 0.18239969528645675 0.7083640886916601 
-0.31139191118899634 0.17630299848568043 0.10235411689350804 0.054930680668500285 0.5588946065431519 0.799602946726638 1 0.10663565324019454 0.9193275459309838 
-0.14670466046588065 0.08853243563838857 0.09825042053808097 0.2000934053003254 -0.11310335780065386 0.18239969528645675 0.10663565324019454 1 0.0631356991559313 
-0.27220662253366734 0.2186101562141556 0.1393254104359545 0.12182780917400164 0.4688851566140946 0.7083640886916601 0.9193275459309838 0.0631356991559313 1 

window=30
1 -0.6158561396303325 -0.5003330932393452 0.013576690640060524 -0.6073616096209228 0.18129007337780545 0.13638946097919785 -0.1617250348115206 -0.21155332177163533 
-0.6158561396303325 1 0.47007606288546866 0.022054531777479486 0.4320644725259224 -0.04503996125682603 -0.10231725049259126 0.40619584886363785 0.38648008012921437 
-0.5003330932393452 0.47007606288546866 1 0.025764159170677682 0.2967835888971961 -0.20253650804797332 -0.046088034047284315 0.27108820688479707 0.6415662505668206 
0.013576690640060524 0.022054531777479486 0.025764159170677682 1 0.34841232564484204 -0.10150811455095372 0.024889857073616656 -0.4813469234294463 -0.00912004658121707 
-0.6073616096209228 0.4320644725259224 0.2967835888971961 0.34841232564484204 1 -0.18762218397883262 -0.029133729364747174 -0.30117717292013785 0.267377161143494 
0.18129007337780545 -0.04503996125682603 -0.20253650804797332 -0.10150811455095372 -0.18762218397883262 1 0.010045827207737062 0.1469811020379627 0.10290110241851881 
0.13638946097919785 -0.10231725049259126 -0.046088034047284315 0.024889857073616656 -0.029133729364747174 0.010045827207737062 1 -0.03779886107989888 0.012688998650477222 
-0.1617250348115206 0.40619584886363785 0.27108820688479707 -0.4813469234294463 -0.30117717292013785 0.1469811020379627 -0.03779886107989888 1 0.23809411446101916 
-0.21155332177163533 0.38648008012921437 0.6415662505668206 -0.00912004658121707 0.267377161143494 0.10290110241851881 0.012688998650477222 0.23809411446101916 1 

window=33
1 0.3926422986493958 -0.05988394852711489 0.015587042168215586 0.23248094728765975 0.4911843406676441 0.4638813004369008 -0.29284677158512423 0.05243608119756848 
0.3926422986493958 1 -0.23392316863163204 0.00556631673808266 0.35460328352307413 0.4599211746446813 0.5370588568459902 -0.45035775849157306 0.003906392307969424 
-0.05988394852711489 -0.23392316863163204 1 0.13887834257830822 0.4027859604166178 -0.1528137675035402 0.08190368128254881 -0.4327206606355723 0.6805849921880168 
0.015587042168215586 0.00556631673808266 0.13887834257830822 1 0.2702855706956784 -0.010046722209169408 0.17193599805191292 -0.1787818572020984 0.0044463498909278094 
0.23248094728765975 0.35460328352307413 0.4027859604166178 0.2702855706956784 1 0.3685645191874835 0.39450531250756726 -0.625254680028523 0.47703470641906554 
0.4911843406676441 0.4599211746446813 -0.1528137675035402 -0.010046722209169408 0.3685645191874835 1 0.4052626841967513 -0.48367272795487504 0.07712741510454717 
0.4638813004369008 0.5370588568459902 0.08190368128254881 0.17193599805191292 0.39450531250756726 0.4052626841967513 1 -0.6421165448003653 0.13670751736762005 
-0.29284677158512423 -0.45035775849157306 -0.4327206606355723 -0.1787818572020984 -0.625254680028523 -0.48367272795487504 -0.6421165448003653 1 -0.5580598156001835 
0.05243608119756848 0.003906392307969424 0.6805849921880168 0.0044463498909278094 0.47703470641906554 0.07712741510454717 0.13670751736762005 -0.5580598156001835 1 

window=34
1 -0.35016720009231683 0.2837542870128355 0.06967088935915888 -0.0708428085828174 -0.1277124731207892 -0.09613574934316559 0.1445972398711768 0.1945459646516133 
-0.35016720009231683 1 -0.17907219419243903 -0.09769254918525003 -0.08170566506729533 0.11104235437287957 -0.04783760091315665 -0.07425377442757994 -0.1786304679471096 
0.2837542870128355 -0.17907219419243903 1 0.2280130900935826 -0.2092301795734443 0.0664274858003419 -0.00013876465270974236 -0.09705850408307674 0.07309954235784386 
0.06967088935915888 -0.09769254918525003 0.2280130900935826 1 -0.7521221925697591 0.6064603075247826 0.3599383165748829 0.030813424375575018 -0.0653353511791376 
-0.0708428085828174 -0.08170566506729533 -0.2092301795734443 -0.7521221925697591 1 -0.6530425813274214 -0.3329716093244213 -0.06417462175846139 -0.11461295818058861 
-0.1277124731207892 0.11104235437287957 0.0664274858003419 0.6064603075247826 -0.6530425813274214 1 0.39456373907927234 -0.03752205375872551 -0.08570080085192164 
-0.09613574934316559 -0.04783760091315665 -0.00013876465270974236 0.3599383165748829 -0.3329716093244213 0.39456373907927234 1 -0.013725046493360848 -0.030879866943724105 
0.1445972398711768 -0.07425377442757994 -0.09705850408307674 0.030813424375575018 -0.06417462175846139 -0.03752205375872551 -0.013725046493360848 1 0.09551559103688878 
0.1945459646516133 -0.1786304679471096 0.07309954235784386 -0.0653353511791376 -0.11461295818058861 -0.08570080085192164 -0.030879866943724105 0.09551559103688878 1 

window=35
1 0.020812056394685384 -0.31904826420350946 -0.36682242963120815 0.3511737924576508 -0.054640912858379916 -0.1075829864547018 0.30303637326309957 -0.008801394901015409 
0.020812056394685384 1 -0.5836749105637978 -0.21433159269259752 0.869723746276162 -0.09563990653486672 0.0204614429780718 0.5711331408630584 0.05934963282052462 
-0.31904826420350946 -0.5836749105637978 1 0.5383128614426079 -0.704447442001013 0.12268122924341421 0.200623799497737 -0.4395632216987951 0.12614582770495295 
-0.36682242963120815 -0.21433159269259752 0.5383128614426079 1 -0.38970877757886146 0.2397232873351566 0.20149863596512085 -0.49919468964957164 -0.1778475801444095 
0.3511737924576508 0.869723746276162 -0.704447442001013 -0.38970877757886146 1 -0.12608783992333816 -0.0562901561914235 0.6430922455580256 0.010417340733025393 
-0.054640912858379916 -0.09563990653486672 0.12268122924341421 0.2397232873351566 -0.12608783992333816 1 0.16029008023408373 -0.3733519913518551 -0.3656470706391734 
-0.1075829864547018 0.0204614429780718 0.200623799497737 0.20149863596512085 -0.0562901561914235 0.16029008023408373 1 -0.1988086887397297 -0.2415555294522868 
0.30303637326309957 0.5711331408630584 -0.4395632216987951 -0.49919468964957164 0.6430922455580256 -0.3733519913518551 -0.1988086887397297 1 0.48549108102731003 
-0.008801394901015409 0.05934963282052462 0.12614582770495295 -0.1778475801444095 0.010417340733025393 -0.3656470706391734 -0.2415555294522868 0.48549108102731003 1 

window=51
1 -0.29950226965788934 -0.5031892978246862 -0.5144107740255284 -0.13290228283418964 -0.31250185409625353 -0.2615687467574622 0.052539424716065805 -0.15904535141673906 
-0.29950226965788934 1 0.44093251329067995 -0.3394437681218606 -0.3643105427315556 0.5736973776027767 0.35473655090760614 0.1907341775987412 0.8870932726043047 
-0.5031892978246862 0.44093251329067995 1 -0.010347822968592709 0.002051508967806659 0.536544679095813 0.5036522414232248 0.1559637791986587 0.3121096332370349 
-0.5144107740255284 -0.3394437681218606 -0.010347822968592709 1 0.14732955752176316 0.032433970514016454 -0.03718451176724241 -0.22324591431146712 -0.46919864089920665 
-0.13290228283418964 -0.3643105427315556 0.002051508967806659 0.14732955752176316 1 -0.26559113791937733 -0.15510723260173157 0.22970553617561673 -0.23093062101359052 
-0.31250185409625353 0.5736973776027767 0.536544679095813 0.032433970514016454 -0.26559113791937733 1 0.34535616867379004 0.10013324820161593 0.5167972854796131 
-0.2615687467574622 0.35473655090760614 0.5036522414232248 -0.03718451176724241 -0.15510723260173157 0.34535616867379004 1 0.18407432118882852 0.2785486051579003 
0.052539424716065805 0.1907341775987412 0.1559637791986587 -0.22324591431146712 0.22970553617561673 0.10013324820161593 0.18407432118882852 1 0.34698294347188435 
-0.15904535141673906 0.8870932726043047 0.3121096332370349 -0.46919864089920665 -0.23093062101359052 0.5167972854796131 0.2785486051579003 0.34698294347188435 1 

window=52
1 0.4226648082956206 -0.1396979683446637 0.6905922532377244 -0.6567805385900298 -0.0959380895378172 -0.3387474365525128 -0.20395849575818217 -0.4023769463427667 
0.4226648082956206 1 0.17887458279616247 0.807163938217727 -0.24309190185375493 0.04616034277455123 -0.32898136587822674 -0.0361649893727939 -0.6487645747654364 
-0.1396979683446637 0.17887458279616247 1 -0.015251080445955453 0.500489079138669 0.3477039683493564 0.31757920948856516 -0.5271713985699753 0.09612314404693206 
0.6905922532377244 0.807163938217727 -0.015251080445955453 1 -0.6123117403468542 -0.06254286787740419 -0.4679179570330506 -0.03156044045061316 -0.7601888334247422 
-0.6567805385900298 -0.24309190185375493 0.500489079138669 -0.6123117403468542 1 0.26098238778313826 0.43613128824808084 -0.14616136422649018 0.53715198927367 
-0.0959380895378172 0.04616034277455123 0.3477039683493564 -0.06254286787740419 0.26098238778313826 1 0.23324218895955115 -0.38077321233862094 0.11522923231364227 
-0.3387474365525128 -0.32898136587822674 0.31757920948856516 -0.4679179570330506 0.43613128824808084 0.23324218895955115 1 -0.21899090766477874 0.5588050408222593 
-0.20395849575818217 -0.0361649893727939 -0.5271713985699753 -0.03156044045061316 -0.14616136422649018 -0.38077321233862094 -0.21899090766477874 1 -0.09689361098912852 
-0.4023769463427667 -0.6487645747654364 0.09612314404693206 -0.7601888334247422 0.53715198927367 0.11522923231364227 0.5588050408222593 -0.09689361098912852 1 

window=53
1 0.8252386417318714 0.8206008777626829 0.9240618429260654 0.20973282135953172 0.6389199466976027 0.20759791214704823 0.23164710460380056 -0.07837986789367118 
0.8252386417318714 1 0.6130883558291103 0.8906515714847747 0.12000943327681068 0.5194158715292915 0.15788251460369745 0.19835782797956225 0.06669988639886107 
0.8206008777626829 0.6130883558291103 1 0.7244902092682984 0.6257745795167294 0.6875701741122682 0.28601363907544 0.21000347919097145 -0.058539962842318265 
0.9240618429260654 0.8906515714847747 0.7244902092682984 1 0.16256612891964084 0.5738238540693819 0.19405560037486944 0.21959531630097925 0.01605403249623492 
0.20973282135953172 0.12000943327681068 0.6257745795167294 0.16256612891964084 1 0.3555195182960734 0.2110463358989081 0.11003445538478948 -0.052789202270741555 
0.6389199466976027 0.5194158715292915 0.6875701741122682 0.5738238540693819 0.3555195182960734 1 0.19338475896133833 0.2356080625303531 0.2571415224321797 
0.20759791214704823 0.15788251460369745 0.28601363907544 0.19405560037486944 0.2110463358989081 0.19338475896133833 1 0.1014009200457986 0.035151923741718966 
