window=0
1 0.09548036627174548 0.29073670520079764 -0.18012758221652403 0.1827360961216867 -0.06573780462275601 -0.09920522910909303 0.003595381531763267 
0.09548036627174548 1 -0.7045390517483093 -0.281661565133816 -0.6554661708309872 0.39509194531724234 -0.6720650985524989 0.47211914529856935 
0.29073670520079764 -0.7045390517483093 1 -0.01688044216970207 0.6205182792606103 -0.4696987667605465 0.5427937743254373 -0.5241108909360908 
-0.18012758221652403 -0.281661565133816 -0.01688044216970207 1 -0.02124736354757308 0.0675745368762758 0.11357169246577073 -0.2779539803172447 
0.1827360961216867 -0.6554661708309872 0.6205182792606103 -0.02124736354757308 1 -0.23112985688140242 0.45766704219422377 -0.20237102944325644 
-0.06573780462275601 0.39509194531724234 -0.4696987667605465 0.0675745368762758 -0.23112985688140242 1 -0.24133626342333553 0.3240073480548712 
-0.09920522910909303 -0.6720650985524989 0.5427937743254373 0.11357169246577073 0.45766704219422377 -0.24133626342333553 1 -0.2638769947719279 
0.003595381531763267 0.47211914529856935 -0.5241108909360908 -0.2779539803172447 -0.20237102944325644 0.3240073480548712 -0.2638769947719279 1 

window=1
1 -0.06918964609506484 0.021243373692300952 -0.18618221121334796 0.11692568927346193 -0.48545665017093836 -0.011679950323853073 -0.4070359624075016 
-0.06918964609506484 1 0.16928467827234564 0.6158116646532142 -0.42400464036594476 0.5945377176139505 0.05746052097682304 0.2978811506307894 
0.021243373692300952 0.16928467827234564 1 0.15284357604625395 -0.3725192832992889 0.01625405096651007 0.04565491079234453 0.308673802414997 
-0.18618221121334796 0.6158116646532142 0.15284357604625395 1 -0.6287133824592366 0.8193263410712943 0.06413171680405189 0.6623511411936254 
0.11692568927346193 -0.42400464036594476 -0.3725192832992889 -0.6287133824592366 1 -0.6210743594200763 -0.06168151814324341 -0.4622570274643412 
-0.48545665017093836 0.5945377176139505 0.01625405096651007 0.8193263410712943 -0.6210743594200763 1 0.057345075274051985 0.6049847687030062 
-0.011679950323853073 0.05746052097682304 0.04565491079234453 0.06413171680405189 -0.06168151814324341 0.057345075274051985 1 0.07162913538343249 
-0.4070359624075016 0.2978811506307894 0.308673802414997 0.6623511411936254 -0.4622570274643412 0.6049847687030062 0.07162913538343249 1 

window=2
1 0.4205664691968751 -0.09302998744242638 0.2739498838922793 -0.5044442492915758 -0.06097292257617554 0.06004672318330087 0.14674514370860683 
0.4205664691968751 1 -0.0012371353997692666 0.16780348105669943 0.009200855760098945 0.2860238364865659 0.09827314753397765 0.7353570760107306 
-0.09302998744242638 -0.0012371353997692666 1 -0.1326836827135812 0.19213967770046989 -0.03851731158702155 0.033788853913265984 -0.007663573383142376 
0.2739498838922793 0.16780348105669943 -0.1326836827135812 1 -0.03911831198197439 -0.2651238856032511 -0.009195446443443863 -0.04369694411440725 
-0.5044442492915758 0.009200855760098945 0.19213967770046989 -0.03911831198197439 1 0.002499573735004536 0.014097715475889398 -0.04810212906762732 
-0.06097292257617554 0.2860238364865659 -0.03851731158702155 -0.2651238856032511 0.002499573735004536 1 -0.005328330157033577 0.1145669560737034 
0.06004672318330087 0.09827314753397765 0.033788853913265984 -0.009195446443443863 0.014097715475889398 -0.005328330157033577 1 0.10277209311673538 
0.14674514370860683 0.7353570760107306 -0.007663573383142376 -0.04369694411440725 -0.04810212906762732 0.1145669560737034 0.10277209311673538 1 

window=3
1 -0.45881685449449416 0.313193819881106 -0.661015225500435 -0.0698553925536282 0.282100400778734 0.028891529300148683 0.3058819641175199 
-0.45881685449449416 1 -0.4345463495575919 0.5070920117898952 -0.025131908705124602 -0.19761486709735468 -0.03103707360733919 -0.26118743508379255 
0.313193819881106 -0.4345463495575919 1 -0.5238416761620152 0.07407015141579872 0.4155431333464064 0.0026580547890446217 0.18459192533976074 
-0.661015225500435 0.5070920117898952 -0.5238416761620152 1 -0.05364845120673131 -0.4401804642996429 -0.025918596734590536 -0.37388236716333095 
-0.0698553925536282 -0.025131908705124602 0.07407015141579872 -0.05364845120673131 1 0.10757181640283926 0.030029306939999473 -0.023065288899139013 
0.282100400778734 -0.19761486709735468 0.4155431333464064 -0.4401804642996429 0.10757181640283926 1 -0.031847011409229374 0.1271113968396834 
0.028891529300148683 -0.03103707360733919 0.0026580547890446217 -0.025918596734590536 0.030029306939999473 -0.031847011409229374 1 -0.003273924861248668 
0.3058819641175199 -0.26118743508379255 0.18459192533976074 -0.37388236716333095 -0.023065288899139013 0.1271113968396834 -0.003273924861248668 1 

window=4
1 -0.1722945541249933 0.07083555337156372 -0.4780793613532703 -0.0980459118839027 -0.08871440793887507 -0.028298734878083397 0.17485055567104132 
-0.1722945541249933 1 -0.0006690039131083801 0.26874979061531484 0.3381014929668636 0.1697640280117974 -0.06263287993512001 -0.3974864276636396 
0.07083555337156372 -0.0006690039131083801 1 0.020123563276465292 -0.004678314133792682 0.06967085806759178 0.06922891031870701 0.012424019029178121 
-0.4780793613532703 0.26874979061531484 0.020123563276465292 1 0.23649220960706077 0.19071163920840473 -0.02971512741495099 -0.29160193042804605 
-0.0980459118839027 0.3381014929668636 -0.004678314133792682 0.23649220960706077 1 0.1698710076098831 0.07682400070936189 0.20924378722398357 
-0.08871440793887507 0.1697640280117974 0.06967085806759178 0.19071163920840473 0.1698710076098831 1 -0.01472584657138354 -0.4481847341925762 
-0.028298734878083397 -0.06263287993512001 0.06922891031870701 -0.02971512741495099 0.07682400070936189 -0.01472584657138354 1 0.17373081774254828 
0.17485055567104132 -0.3974864276636396 0.012424019029178121 -0.29160193042804605 0.20924378722398357 -0.4481847341925762 0.17373081774254828 1 

window=5
1 0.7210735587482208 0.5301246009343167 0.766552517059627 0.001145774741507496 -0.7396456672971312 -0.002647557607017828 -0.24661513764331905 
0.7210735587482208 1 0.8046617073617863 0.9710587817106862 -0.2970244905749603 -0.8502642196136396 -0.004652137302379748 0.12918569155683718 
0.5301246009343167 0.8046617073617863 1 0.8362714422050411 -0.07940355356441633 -0.7842930161621965 -0.004230823557156744 0.22403091437120018 
0.766552517059627 0.9710587817106862 0.8362714422050411 1 -0.19377585537855804 -0.9094233143215825 -0.0042292502514371146 0.06695662963105384 
0.001145774741507496 -0.2970244905749603 -0.07940355356441633 -0.19377585537855804 1 0.054512078681565476 0.0036902426714116874 -0.06094939957397886 
-0.7396456672971312 -0.8502642196136396 -0.7842930161621965 -0.9094233143215825 0.054512078681565476 1 0.0040337005682277915 0.1690798418796237 
-0.002647557607017828 -0.004652137302379748 -0.004230823557156744 -0.0042292502514371146 0.0036902426714116874 0.0040337005682277915 1 -0.00021155783223960023 
-0.24661513764331905 0.12918569155683718 0.22403091437120018 0.06695662963105384 -0.06094939957397886 0.1690798418796237 -0.00021155783223960023 1 

window=6
1 -0.615262667699425 -0.578268198863633 0.5553686258483783 -0.06604335501292646 -0.4782433403060852 -0.48697481920563596 0.28750699467402924 
-0.615262667699425 1 0.42509704104772555 -0.6257018498129104 -0.32144188530942414 0.23814360770342347 0.2595451907402854 -0.23998811414607413 
-0.578268198863633 0.42509704104772555 1 -0.20043133139593025 -0.14002821472607976 0.7537098452862339 0.4391032231149349 -0.30646916828191917 
0.5553686258483783 -0.6257018498129104 -0.20043133139593025 1 0.003190150299555711 0.17814711188324533 -0.2162901184427889 0.6197223917760301 
-0.06604335501292646 -0.32144188530942414 -0.14002821472607976 0.003190150299555711 1 0.005377948887256285 0.11695000885184374 -0.18523975462428482 
-0.4782433403060852 0.23814360770342347 0.7537098452862339 0.17814711188324533 0.005377948887256285 1 0.3722645257211142 -0.03798535559695885 
-0.48697481920563596 0.2595451907402854 0.4391032231149349 -0.2162901184427889 0.11695000885184374 0.3722645257211142 1 -0.09669088760869413 
0.28750699467402924 -0.23998811414607413 -0.30646916828191917 0.6197223917760301 -0.18523975462428482 -0.03798535559695885 -0.09669088760869413 1 

window=7
1 0.6360061740453425 0.34331749838097375 0.6441551562620171 -0.11848540301686365 0.08633842085311606 0.15521046273428132 0.5061336301981132 
0.6360061740453425 1 0.787431904870066 0.9117148192186353 -0.20710194979786845 -0.21565295306471358 0.2535203649946632 0.7007955667854499 
0.34331749838097375 0.787431904870066 1 0.6339045456222594 -0.48884503596681145 -0.28660006062104165 0.056761813030259615 0.6282758903714251 
0.6441551562620171 0.9117148192186353 0.6339045456222594 1 -0.17912873011209224 -0.16339148132078626 0.2611846736739153 0.6717928881137667 
-0.11848540301686365 -0.20710194979786845 -0.48884503596681145 -0.17912873011209224 1 0.25565802172338964 0.11432164023360133 -0.5630304035788314 
0.08633842085311606 -0.21565295306471358 -0.28660006062104165 -0.16339148132078626 0.25565802172338964 1 -0.11819145120747232 -0.23626514665272283 
0.15521046273428132 0.2535203649946632 0.056761813030259615 0.2611846736739153 0.11432164023360133 -0.11819145120747232 1 0.1962397051411561 
0.5061336301981132 0.7007955667854499 0.6282758903714251 0.6717928881137667 -0.5630304035788314 -0.23626514665272283 0.1962397051411561 1 

window=8
1 -0.3249850304298181 -0.3778586942418847 -0.6693592864100603 -0.4286337995927282 -0.04995848093532005 -0.07692126804681713 -0.6199493155436198 
-0.3249850304298181 1 -0.09272565723756555 0.48718085828157526 0.15991094623581872 -0.11298402115200737 0.045655015962032516 0.2540320831226586 
-0.3778586942418847 -0.09272565723756555 1 0.2615569662813195 0.11881310883653493 0.2733487373845224 0.019248609334736894 0.6337837360315142 
-0.6693592864100603 0.48718085828157526 0.2615569662813195 1 0.4808404305158834 0.16452672978447833 0.1364975634908217 0.547339908233195 
-0.4286337995927282 0.15991094623581872 0.11881310883653493 0.4808404305158834 1 0.5851368893078125 0.06773081906572788 0.45638796305443824 
-0.04995848093532005 -0.11298402115200737 0.2733487373845224 0.16452672978447833 0.5851368893078125 1 0.03816661846409645 0.1834255009112406 
-0.07692126804681713 0.045655015962032516 0.019248609334736894 0.1364975634908217 0.06773081906572788 0.03816661846409645 1 0.07752394321440972 
-0.6199493155436198 0.2540320831226586 0.6337837360315142 0.547339908233195 0.45638796305443824 0.1834255009112406 0.07752394321440972 1 

window=9
1 -0.33734347981129215 0.08905056593807122 0.2745462080500502 -0.3370455661177834 0.04592065497979111 -0.16967998709788826 0.046553071135488316 
-0.33734347981129215 1 0.36019685250816763 -0.7905401990111663 0.48068045411643023 0.16779195621510118 0.14030967661397467 -0.5681070623699208 
0.08905056593807122 0.36019685250816763 1 -0.4462292146011954 0.08639033767836847 0.5555089213973016 -0.03640324648820797 -0.24700052508079853 
0.2745462080500502 -0.7905401990111663 -0.4462292146011954 1 -0.43626603029112554 -0.34878164808289036 -0.15395320038080926 0.5899510671868112 
-0.3370455661177834 0.48068045411643023 0.08639033767836847 -0.43626603029112554 1 0.07328827293222662 0.10797682139578947 -0.42358694681894976 
0.04592065497979111 0.16779195621510118 0.5555089213973016 -0.34878164808289036 0.07328827293222662 1 0.02183126346400448 -0.3122452870610066 
-0.16967998709788826 0.14030967661397467 -0.03640324648820797 -0.15395320038080926 0.10797682139578947 0.02183126346400448 1 -0.0793291901463428 
0.046553071135488316 -0.5681070623699208 -0.24700052508079853 0.5899510671868112 -0.42358694681894976 -0.3122452870610066 -0.0793291901463428 1 

window=10
1 -0.5306384560933575 -0.2953347744521051 0.36472907451170944 0.33066383520802134 -0.5235199680915188 -0.2172292732631631 0.35318470449454215 
-0.5306384560933575 1 0.1766068964483339 -0.34972828180929116 -0.18540133454820476 0.3707255852850952 0.28360470214830164 -0.3535027255209327 
-0.2953347744521051 0.1766068964483339 1 -0.150547385024432 -0.13374210741240292 0.208394199875771 0.09224786035717815 -0.140413056292559 
0.36472907451170944 -0.34972828180929116 -0.150547385024432 1 0.43672615130319237 -0.7699250776284612 -0.23604313940718727 0.8064787967556271 
0.33066383520802134 -0.18540133454820476 -0.13374210741240292 0.43672615130319237 1 -0.6300216965530054 -0.09718164115371408 0.50720161468378 
-0.5235199680915188 0.3707255852850952 0.208394199875771 -0.7699250776284612 -0.6300216965530054 1 0.2152499994503383 -0.7326176932040736 
-0.2172292732631631 0.28360470214830164 0.09224786035717815 -0.23604313940718727 -0.09718164115371408 0.2152499994503383 1 -0.22762612723573064 
0.35318470449454215 -0.3535027255209327 -0.140413056292559 0.8064787967556271 0.50720161468378 -0.7326176932040736 -0.22762612723573064 1 

window=11
1 0.1097342712029642 0.0053786544329397275 -0.10155559187699313 -0.1830589519144353 0.18709093933786153 -0.36988381996315706 0.3659736285274623 
0.1097342712029642 1 -0.0931693679083417 0.03871882267147466 -0.265946628021411 0.12817576012783713 0.1563316537069041 0.12925052828092765 
0.0053786544329397275 -0.0931693679083417 1 -0.15714656180789854 0.22317552623201561 -0.0029924977336596072 0.06591505495406448 -0.07632493820100551 
-0.10155559187699313 0.03871882267147466 -0.15714656180789854 1 -0.34804554585624253 -0.02278427972402144 -0.10049519117256737 0.18214670531654065 
-0.1830589519144353 -0.265946628021411 0.22317552623201561 -0.34804554585624253 1 -0.09695415183301749 0.21348768749827957 -0.13225089978190302 
0.18709093933786153 0.12817576012783713 -0.0029924977336596072 -0.02278427972402144 -0.09695415183301749 1 -0.0194205308286434 0.09523818338469019 
-0.36988381996315706 0.1563316537069041 0.06591505495406448 -0.10049519117256737 0.21348768749827957 -0.0194205308286434 1 -0.5718294879605735 
0.3659736285274623 0.12925052828092765 -0.07632493820100551 0.18214670531654065 -0.13225089978190302 0.09523818338469019 -0.5718294879605735 1 

window=12
1 0.007419999704361541 0.7167785180039611 0.2867347993717646 0.32502329024804666 -0.43230040025537664 -0.015126879402057218 -0.6924913064846049 
0.007419999704361541 1 -0.0249451597958057 0.32856511591680243 0.05166181049177461 -0.03046393144908601 -0.002794563703354402 -0.04613695663992585 
0.7167785180039611 -0.0249451597958057 1 0.1577026572947485 0.3379266493404507 -0.4921019777928865 -0.014246240691779339 -0.6173763991391521 
0.2867347993717646 0.32856511591680243 0.1577026572947485 1 -0.16051097845253687 0.07626503470042978 -0.0033310919615482807 0.023651002443918556 
0.32502329024804666 0.05166181049177461 0.3379266493404507 -0.16051097845253687 1 -0.4673409340893587 -0.013709066935598608 -0.6155410020124411 
-0.43230040025537664 -0.03046393144908601 -0.4921019777928865 0.07626503470042978 -0.4673409340893587 1 0.01066543815895787 0.573529805002336 
-0.015126879402057218 -0.002794563703354402 -0.014246240691779339 -0.0033310919615482807 -0.013709066935598608 0.01066543815895787 1 0.020854861030569685 
-0.6924913064846049 -0.04613695663992585 -0.6173763991391521 0.023651002443918556 -0.6155410020124411 0.573529805002336 0.020854861030569685 1 

window=13
1 -0.4785306676701721 0.5586066287113026 -0.31204587200807227 0.7108705936789211 0.3002754363161901 0.23767364331258353 -0.2520697966318107 
-0.4785306676701721 1 -0.3968917764318659 0.8026298624984765 -0.7081190621739081 -0.43765267387918677 -0.08523826903637971 -0.21428157945958037 
0.5586066287113026 -0.3968917764318659 1 -0.20684572865946607 0.7370222207849033 0.5401909102706447 0.17946288789091122 0.3001652691157355 
-0.31204587200807227 0.8026298624984765 -0.20684572865946607 1 -0.5192992974960308 -0.3131573526371955 -0.03545318009656148 -0.21558284643859746 
0.7108705936789211 -0.7081190621739081 0.7370222207849033 -0.5192992974960308 1 0.6306564465944762 0.1842793769275367 0.23019848587820865 
0.3002754363161901 -0.43765267387918677 0.5401909102706447 -0.3131573526371955 0.6306564465944762 1 0.0944227473058761 0.3733477099978977 
0.23767364331258353 -0.08523826903637971 0.17946288789091122 -0.03545318009656148 0.1842793769275367 0.0944227473058761 1 -0.0878706661817667 
-0.2520697966318107 -0.21428157945958037 0.3001652691157355 -0.21558284643859746 0.23019848587820865 0.3733477099978977 -0.0878706661817667 1 

window=14
1 0.9702253753781966 0.7103653781545932 0.8817637561730347 0.8317774633268231 0.8467795405969679 0.2521090435607128 0.15434029938095442 
0.9702253753781966 1 0.7733738500970592 0.9029598918268712 0.8627694240034254 0.8822826767918542 0.2476910817614394 0.2401268152753609 
0.7103653781545932 0.7733738500970592 1 0.7848608074711007 0.8738105393074242 0.8584725247160834 0.16587371165237566 0.6397201120901104 
0.8817637561730347 0.9029598918268712 0.7848608074711007 1 0.9146410186865644 0.9178904315540442 0.22513175236148594 0.28163772260763265 
0.8317774633268231 0.8627694240034254 0.8738105393074242 0.9146410186865644 1 0.9665966764082536 0.19922549602199363 0.3636793671621004 
0.8467795405969679 0.8822826767918542 0.8584725247160834 0.9178904315540442 0.9665966764082536 1 0.20474653020252012 0.3132235901636992 
0.2521090435607128 0.2476910817614394 0.16587371165237566 0.22513175236148594 0.19922549602199363 0.20474653020252012 1 -0.0034953319868317794 
0.15434029938095442 0.2401268152753609 0.6397201120901104 0.28163772260763265 0.3636793671621004 0.3132235901636992 -0.0034953319868317794 1 

window=15
1 -0.13730359063870157 0.03137851992592693 0.2261662809283801 -0.15923691736906628 -0.004815011237057643 0.059809176658417985 0.2535379161536677 
-0.13730359063870157 1 -0.7220381595669828 -0.4266319459672546 -0.4896691911133697 -0.542408182484451 -0.6119997593582505 0.13074021222431045 
0.03137851992592693 -0.7220381595669828 1 0.11947497636353832 0.39276554546032605 0.5748111218573755 0.5098171603623617 -0.091960633801543 
0.2261662809283801 -0.4266319459672546 0.11947497636353832 1 0.4135987559219815 0.10865955095170182 0.17263445339293743 0.3093226670706519 
-0.15923691736906628 -0.4896691911133697 0.39276554546032605 0.4135987559219815 1 0.4017218993528777 0.234910532686143 -0.18524333189869377 
-0.004815011237057643 -0.542408182484451 0.5748111218573755 0.10865955095170182 0.4017218993528777 1 0.374900262310749 -0.3039388207012744 
0.059809176658417985 -0.6119997593582505 0.5098171603623617 0.17263445339293743 0.234910532686143 0.374900262310749 1 -0.09130899514446378 
0.2535379161536677 0.13074021222431045 -0.091960633801543 0.3093226670706519 -0.18524333189869377 -0.3039388207012744 -0.09130899514446378 1 

window=16
1 -0.25175811344954985 0.032870599227267074 -0.058878109107727436 0.17839439281018532 -0.22081923618461016 0.028458173492710327 0.35635864347586443 
-0.25175811344954985 1 -0.026913103360053394 -0.26125413570207456 -0.44261140845218494 -0.2774600534538162 -0.08752111873926285 -0.6098693842630725 
0.032870599227267074 -0.026913103360053394 1 -0.17799496453818384 -0.2124046560877659 0.026202651161488195 0.007306760002172184 -0.14480761723194235 
-0.058878109107727436 -0.26125413570207456 -0.17799496453818384 1 0.16755686109666743 0.38944858143502864 0.02654912271502455 0.09649860963448642 
0.17839439281018532 -0.44261140845218494 -0.2124046560877659 0.16755686109666743 1 0.09156628536008807 0.038938823399778784 0.35414288431510327 
-0.22081923618461016 -0.2774600534538162 0.026202651161488195 0.38944858143502864 0.09156628536008807 1 0.025014273080842385 0.009734452165046724 
0.028458173492710327 -0.08752111873926285 0.007306760002172184 0.02654912271502455 0.038938823399778784 0.025014273080842385 1 0.09240268535755038 
0.35635864347586443 -0.6098693842630725 -0.14480761723194235 0.09649860963448642 0.35414288431510327 0.009734452165046724 0.09240268535755038 1 

window=17
1 0.7889624045004001 0.4880156271834327 0.6815712439842238 0.04024468026501281 0.10860977515453984 -0.36000544487634867 -0.5989033364364191 
0.7889624045004001 1 0.5790978091544868 0.7599094467899561 0.23452372789270695 0.15240681987609397 -0.4365300618640215 -0.5792100168102424 
0.4880156271834327 0.5790978091544868 1 0.7475909136070376 0.28642639998028574 0.491619467248443 -0.31261835617860606 0.16966982638173492 
0.6815712439842238 0.7599094467899561 0.7475909136070376 1 0.35893501179221404 0.35511176149914647 -0.39035834645249673 -0.23249529420575063 
0.04024468026501281 0.23452372789270695 0.28642639998028574 0.35893501179221404 1 0.11372183081033889 -0.16341800631791545 0.17310467208900057 
0.10860977515453984 0.15240681987609397 0.491619467248443 0.35511176149914647 0.11372183081033889 1 0.19009636052044138 0.05218889622765609 
-0.36000544487634867 -0.4365300618640215 -0.31261835617860606 -0.39035834645249673 -0.16341800631791545 0.19009636052044138 1 0.0473682461578258 
-0.5989033364364191 -0.5792100168102424 0.16966982638173492 -0.23249529420575063 0.17310467208900057 0.05218889622765609 0.0473682461578258 1 

window=26
1 0.21349700802434732 0.3941681266062947 0.04936196518386175 -0.03680351787514192 0.06457594790377885 0.0007092111524215756 -0.18605702613431524 
0.21349700802434732 1 0.2815910312668362 -0.32104314978558457 0.15884211785387753 0.2806096512239628 0.03336585218301413 0.4256399623030215 
0.3941681266062947 0.2815910312668362 1 -0.1330238570495164 0.18500679019627472 0.011710834553983232 0.07904744499082828 -0.02245728963519136 
0.04936196518386175 -0.32104314978558457 -0.1330238570495164 1 -0.04379636541409122 0.009003303353382265 -0.16791462236621046 -0.4386146462283216 
-0.03680351787514192 0.15884211785387753 0.18500679019627472 -0.04379636541409122 1 -0.16910621468596124 0.03842294668034416 0.06101855040529471 
0.06457594790377885 0.2806096512239628 0.011710834553983232 0.009003303353382265 -0.16910621468596124 1 -0.05982397455783634 -0.09975641442471612 
0.0007092111524215756 0.03336585218301413 0.07904744499082828 -0.16791462236621046 0.03842294668034416 -0.05982397455783634 1 0.09553225525066253 
-0.18605702613431524 0.4256399623030215 -0.02245728963519136 -0.4386146462283216 0.06101855040529471 -0.09975641442471612 0.09553225525066253 1 

window=27
1 0.011593885167674855 -0.593781407862587 0.1564216793525149 0.20237664180763804 0.14850719446448693 -0.37848653567065904 0.03117027080709883 
0.011593885167674855 1 -0.4021858141524343 -0.5636292036481708 -0.04473418795406685 0.10063165962072586 0.14765689343518512 0.004632016344400646 
-0.593781407862587 -0.4021858141524343 1 0.25475417043067 -0.2022202716275145 -0.023407675201604763 0.1984332297606273 -0.028111664981067732 
0.1564216793525149 -0.5636292036481708 0.25475417043067 1 0.06842272404736405 -0.12273470328506461 -0.07090715719832591 0.09931889713512625 
0.20237664180763804 -0.04473418795406685 -0.2022202716275145 0.06842272404736405 1 -0.10677468102583308 -0.2015981577706923 0.062377010505144284 
0.14850719446448693 0.10063165962072586 -0.023407675201604763 -0.12273470328506461 -0.10677468102583308 1 -0.1303144205531572 -0.058495640398396276 
-0.37848653567065904 0.14765689343518512 0.1984332297606273 -0.07090715719832591 -0.2015981577706923 -0.1303144205531572 1 0.031931679520151274 
0.03117027080709883 0.004632016344400646 -0.028111664981067732 0.09931889713512625 0.062377010505144284 -0.058495640398396276 0.031931679520151274 1 

window=28
1 -0.12042942219729866 0.08731061033200871 0.3701019208051544 -0.6776768738920405 0.07906509706741792 -0.1491901309962667 -0.06706902349091337 
-0.12042942219729866 1 -0.44971459856082147 -0.6314121784514296 0.36240729421017576 -0.35057436684546667 0.18392152735625233 -0.10200744927919975 
0.08731061033200871 -0.44971459856082147 1 0.6505854116187345 -0.39229367786607383 0.4467385461669204 -0.16926292832600304 0.042218516191401 
0.3701019208051544 -0.6314121784514296 0.6505854116187345 1 -0.6936240427312961 0.3785937016529227 -0.24995950378979712 0.009936385250139184 
-0.6776768738920405 0.36240729421017576 -0.39229367786607383 -0.6936240427312961 1 -0.1958121755785685 0.23820663511560272 0.052753410501895054 
0.07906509706741792 -0.35057436684546667 0.4467385461669204 0.3785937016529227 -0.1958121755785685 1 -0.11019098964502023 0.25065250236974923 
-0.1491901309962667 0.18392152735625233 -0.16926292832600304 -0.24995950378979712 0.23820663511560272 -0.11019098964502023 1 0.013752090810923514 
-0.06706902349091337 -0.10200744927919975 0.042218516191401 0.009936385250139184 0.052753410501895054 0.25065250236974923 0.013752090810923514 1 

window=29
1 0.16058188792233405 -0.07315725196592204 0.6065747386454269 -0.5080882031061525 0.6994715479088243 -0.32517987868799453 0.7391405456706557 
0.16058188792233405 1 0.16399601916859882 0.0245158992928906 -0.06421209470096301 0.31251755241460255 0.06648135790133786 -0.04567989048146574 
-0.07315725196592204 0.16399601916859882 1 -0.24888296817440447 0.38938651283085524 -0.06245761581852093 0.0015626996698815945 -0.4636124637287774 
0.6065747386454269 0.0245158992928906 -0.24888296817440447 1 -0.4157286548190011 0.6097694845957298 -0.17728167543160242 0.616273372702034 
-0.5080882031061525 -0.06421209470096301 0.38938651283085524 -0.4157286548190011 1 -0.5236233678450594 0.028865470116541014 -0.7028530133152658 
0.6994715479088243 0.31251755241460255 -0.06245761581852093 0.6097694845957298 -0.5236233678450594 1 -0.20496377621162531 0.6303156334683139 
-0.32517987868799453 0.06648135790133786 0.0015626996698815945 -0.17728167543160242 0.028865470116541014 -0.20496377621162531 1 -0.2743521963794139 
0.7391405456706557 -0.04567989048146574 -0.4636124637287774 0.616273372702034 -0.7028530133152658 0.6303156334683139 -0.2743521963794139 1 

window=31
1 0.9426156905375987 0.5959885677827369 0.5361261262499764 0.08075159890574372 -0.4743049219063721 -0.0008301784385753246 -0.767730996890137 
0.9426156905375987 1 0.5833694232668283 0.5336729129987546 0.02759293995455211 -0.4524296548042951 -0.004130273790012158 -0.7469641864577938 
0.5959885677827369 0.5833694232668283 1 0.6111107494843977 0.22437960675439145 -0.28070747630538584 -0.02076973632736574 -0.5786184751828607 
0.5361261262499764 0.5336729129987546 0.6111107494843977 1 0.139504247156243 -0.23305391673727727 -0.0022327449540569828 -0.3996738065472042 
0.08075159890574372 0.02759293995455211 0.22437960675439145 0.139504247156243 1 -0.20386300779508043 -0.021036031913539675 -0.2948757787439739 
-0.4743049219063721 -0.4524296548042951 -0.28070747630538584 -0.23305391673727727 -0.20386300779508043 1 0.008612075774421978 0.5122766694016967 
-0.0008301784385753246 -0.004130273790012158 -0.02076973632736574 -0.0022327449540569828 -0.021036031913539675 0.008612075774421978 1 0.013395591271303032 
-0.767730996890137 -0.7469641864577938 -0.5786184751828607 -0.3996738065472042 -0.2948757787439739 0.5122766694016967 0.013395591271303032 1 

window=32
1 0.850057082285914 0.68511585429261 0.8771999282413416 0.7286490373667098 -0.05961215436070212 0.19847833381453353 -0.09934028608235898 
0.850057082285914 1 0.7403894096229271 0.9520630610630167 0.8385100497937433 0.058351670725775406 0.22323502172172435 -0.21482867941233866 
0.68511585429261 0.7403894096229271 1 0.6520013001477968 0.8460716976182635 0.030553498290149014 0.2405024637378681 -0.3525467305000799 
0.8771999282413416 0.9520630610630167 0.6520013001477968 1 0.7552805451172098 -0.02936431244337798 0.1930401779288093 -0.09685075321525724 
0.7286490373667098 0.8385100497937433 0.8460716976182635 0.7552805451172098 1 -0.031548547357369734 0.25388890724986235 -0.43554985754259795 
-0.05961215436070212 0.058351670725775406 0.030553498290149014 -0.02936431244337798 -0.031548547357369734 1 0.019798942518409565 -0.10560490505094977 
0.19847833381453353 0.22323502172172435 0.2405024637378681 0.1930401779288093 0.25388890724986235 0.019798942518409565 1 -0.04703135961729442 
-0.09934028608235898 -0.21482867941233866 -0.3525467305000799 -0.09685075321525724 -0.43554985754259795 -0.10560490505094977 -0.04703135961729442 1 

window=40
1 0.11917892548678484 -0.0023697582782802704 0.024004906177309934 0.11791703982579847 -0.13626059257164788 -0.07226171130851965 -0.27922499739608897 
0.11917892548678484 1 0.6642316543811959 0.011223341620420343 0.9927272429343621 -0.6209819677979717 -0.1262041249454478 0.25301260168228845 
-0.0023697582782802704 0.6642316543811959 1 0.03828830903056344 0.6885582791894721 -0.5284319255200888 -0.059020222614023815 0.2107174843970971 
0.024004906177309934 0.011223341620420343 0.03828830903056344 1 0.02923460465396367 -0.10390490609177039 -0.003977536451227179 -0.07973279816434586 
0.11791703982579847 0.9927272429343621 0.6885582791894721 0.02923460465396367 1 -0.6411602379454445 -0.11088620493140142 0.21477034631166664 
-0.13626059257164788 -0.6209819677979717 -0.5284319255200888 -0.10390490609177039 -0.6411602379454445 1 0.11867191256088032 -0.17930113404545547 
-0.07226171130851965 -0.1262041249454478 -0.059020222614023815 -0.003977536451227179 -0.11088620493140142 0.11867191256088032 1 -0.22467022612045318 
-0.27922499739608897 0.25301260168228845 0.2107174843970971 -0.07973279816434586 0.21477034631166664 -0.17930113404545547 -0.22467022612045318 1 

window=41
1 0.6080754446327108 0.1414909271247838 0.47874569987724924 0.5482307542104279 -0.32690006146758077 0.025247409780076314 -0.19110215450686382 
0.6080754446327108 1 0.5325289009207427 0.38348414532908026 0.8792047521516313 -0.5332952117718711 0.014276748526460305 -0.3707529995463723 
0.1414909271247838 0.5325289009207427 1 0.6004889608520054 0.5806920247951894 -0.16229987141401803 0.021209174628466575 -0.08352265025254738 
0.47874569987724924 0.38348414532908026 0.6004889608520054 1 0.3573785686601473 0.016930477139520006 0.0312724455930847 -0.08475002190163085 
0.5482307542104279 0.8792047521516313 0.5806920247951894 0.3573785686601473 1 -0.6425588534073432 0.011030295010809358 -0.1329916205020751 
-0.32690006146758077 -0.5332952117718711 -0.16229987141401803 0.016930477139520006 -0.6425588534073432 1 0.004112529595259268 0.07990848489425391 
0.025247409780076314 0.014276748526460305 0.021209174628466575 0.0312724455930847 0.011030295010809358 0.004112529595259268 1 0.004628974522516342 
-0.19110215450686382 -0.3707529995463723 -0.08352265025254738 -0.08475002190163085 -0.1329916205020751 0.07990848489425391 0.004628974522516342 1 

window=42
1 0.4006353858958604 0.1402337429966372 -0.4909915733033745 0.44531766240060017 -0.34252945368394117 -0.004679506694294656 0.05443047476655037 
0.4006353858958604 1 0.4468044104488073 -0.6236685303210305 0.6921056910368215 -0.3559228692082933 0.018222582618223473 -0.02195636109098166 
0.1402337429966372 0.4468044104488073 1 -0.2245391992059349 0.7305199291723912 0.32896734474892125 0.04217082082042945 -0.09120582612659062 
-0.4909915733033745 -0.6236685303210305 -0.2245391992059349 1 -0.7768174457857232 0.6897079599273953 0.012116235585325872 -0.1545871163953382 
0.44531766240060017 0.6921056910368215 0.7305199291723912 -0.7768174457857232 1 -0.21558893038109578 0.022414923988457573 -0.030642123437843123 
-0.34252945368394117 -0.3559228692082933 0.32896734474892125 0.6897079599273953 -0.21558893038109578 1 0.05032555584521522 -0.3896500409118988 
-0.004679506694294656 0.018222582618223473 0.04217082082042945 0.012116235585325872 0.022414923988457573 0.05032555584521522 1 -0.058701026070936115 
0.05443047476655037 -0.02195636109098166 -0.09120582612659062 -0.1545871163953382 -0.030642123437843123 -0.3896500409118988 -0.058701026070936115 1 

window=43
1 -0.2396100932963936 0.3964469509555396 0.5702820974162105 0.8623976054971251 0.6118150727254263 0.6578731709997693 -0.3078750429877255 
-0.2396100932963936 1 0.2034484229935427 0.19553703258021385 -0.3049098735605925 -0.11790064865013081 -0.15195065374054034 -0.3239387056381872 
0.3964469509555396 0.2034484229935427 1 0.6268575169346363 0.27518150486480997 0.44176214953972365 0.3182313852782267 -0.3823500902766054 
0.5702820974162105 0.19553703258021385 0.6268575169346363 1 0.45790437151334246 0.43782113980877496 0.36415305241793927 -0.5268710752545337 
0.8623976054971251 -0.3049098735605925 0.27518150486480997 0.45790437151334246 1 0.4806105964927276 0.5267196020080778 -0.22120265524799465 
0.6118150727254263 -0.11790064865013081 0.44176214953972365 0.43782113980877496 0.4806105964927276 1 0.5165536576095757 -0.17225208141726842 
0.6578731709997693 -0.15195065374054034 0.3182313852782267 0.36415305241793927 0.5267196020080778 0.5165536576095757 1 -0.22143185754163236 
-0.3078750429877255 -0.3239387056381872 -0.3823500902766054 -0.5268710752545337 -0.22120265524799465 -0.17225208141726842 -0.22143185754163236 1 

window=44
1 0.24328636875354995 0.2852550624028259 0.046416994224935997 -0.2550627708806368 0.06559528574798443 -0.10833919875039923 0.14705114918361842 
0.24328636875354995 1 -0.13886865491467332 0.6078390078904079 -0.41911684726450493 0.03340864225172411 0.0977907006909105 0.13169687728570048 
0.2852550624028259 -0.13886865491467332 1 -0.053917180455517605 0.3757154632566583 0.08497523200784492 0.09293517835613387 -0.01304995832742424 
0.046416994224935997 0.6078390078904079 -0.053917180455517605 1 -0.09425237181777196 0.013365118566967715 0.07406639998149915 0.1301840773955471 
-0.2550627708806368 -0.41911684726450493 0.3757154632566583 -0.09425237181777196 1 0.08734866462063223 0.18997027260700958 0.025843778903463645 
0.06559528574798443 0.03340864225172411 0.08497523200784492 0.013365118566967715 0.08734866462063223 1 0.008358689330448562 0.08323790681369067 
-0.10833919875039923 0.0977907006909105 0.09293517835613387 0.07406639998149915 0.18997027260700958 0.008358689330448562 1 0.027818675169269533 
0.14705114918361842 0.13169687728570048 -0.01304995832742424 0.1301840773955471 0.025843778903463645 0.08323790681369067 0.027818675169269533 1 

window=45
1 -0.2787035163063921 0.19845860057344714 -0.0069327078457486905 0.001947725444995958 0.13840176841227553 0.06937002692509321 0.03702726931491212 
-0.2787035163063921 1 -0.49782652873101035 -0.3437206488076114 0.323067586674742 -0.3197564029233448 -0.04450356050028204 -0.41513427195495156 
0.19845860057344714 -0.49782652873101035 1 0.38765634166725044 -0.6588678450785755 0.5953303062652724 0.5043540545467537 -0.20389609077334062 
-0.0069327078457486905 -0.3437206488076114 0.38765634166725044 1 -0.6501169137682377 0.44039398462032936 0.3125361637151825 0.17572432231324409 
0.001947725444995958 0.323067586674742 -0.6588678450785755 -0.6501169137682377 1 -0.6290545213583095 -0.5332212071912112 -0.13245487909220025 
0.13840176841227553 -0.3197564029233448 0.5953303062652724 0.44039398462032936 -0.6290545213583095 1 0.6049114164695175 0.04956936102185837 
0.06937002692509321 -0.04450356050028204 0.5043540545467537 0.3125361637151825 -0.5332212071912112 0.6049114164695175 1 -0.0727659562037258 
0.03702726931491212 -0.41513427195495156 -0.20389609077334062 0.17572432231324409 -0.13245487909220025 0.04956936102185837 -0.0727659562037258 1 

window=46
1 -0.21627437144668957 0.1351760539501775 0.1562269188340272 -0.07823022149760804 0.0014482725917755897 0.021834021137504725 -0.002945972570902979 
-0.21627437144668957 1 -0.02971188569473083 -0.4161632532737003 0.2764655151537732 0.18159751083320597 -0.23433747636429447 0.1633077576382159 
0.1351760539501775 -0.02971188569473083 1 0.1427231616768335 0.2297578285167749 0.24686887866027318 0.07481807404694807 -0.49986021744702264 
0.1562269188340272 -0.4161632532737003 0.1427231616768335 1 0.034318444608775873 -0.11272255514333364 0.21118058623582242 -0.2510673854364157 
-0.07823022149760804 0.2764655151537732 0.2297578285167749 0.034318444608775873 1 0.5463846572712499 0.04503912389971619 -0.3327893492992001 
0.0014482725917755897 0.18159751083320597 0.24686887866027318 -0.11272255514333364 0.5463846572712499 1 -0.010375073670625694 -0.21537181030757577 
0.021834021137504725 -0.23433747636429447 0.07481807404694807 0.21118058623582242 0.04503912389971619 -0.010375073670625694 1 -0.19731092503742115 
-0.002945972570902979 0.1633077576382159 -0.49986021744702264 -0.2510673854364157 -0.3327893492992001 -0.21537181030757577 -0.19731092503742115 1 

window=51
1 0.5777676485788303 -0.28725366778073336 0.44866215182094504 -0.07747466911499581 0.14588811117503117 0.033923274396637504 -0.15883030934889275 
0.5777676485788303 1 -0.02824271455690794 0.25681962620185744 -0.13277533462512117 0.10974964191337416 0.04167553411466215 -0.11860933253726622 
-0.28725366778073336 -0.02824271455690794 1 -0.179180546064841 0.13937023920010505 -0.26284619915940244 -0.061537567065996376 0.8179937065034102 
0.44866215182094504 0.25681962620185744 -0.179180546064841 1 0.24582688300458297 -0.049757387911120936 0.04975509435569945 -0.19516062303511422 
-0.07747466911499581 -0.13277533462512117 0.13937023920010505 0.24582688300458297 1 -0.3690560990643743 -0.003823704458141667 0.35369207020958465 
0.14588811117503117 0.10974964191337416 -0.26284619915940244 -0.049757387911120936 -0.3690560990643743 1 0.03196406135829438 -0.3674028755409452 
0.033923274396637504 0.04167553411466215 -0.061537567065996376 0.04975509435569945 -0.003823704458141667 0.03196406135829438 1 -0.07449756039859738 
-0.15883030934889275 -0.11860933253726622 0.8179937065034102 -0.19516062303511422 0.35369207020958465 -0.3674028755409452 -0.07449756039859738 1 

window=52
1 0.18102368703385846 -0.1436257757849 0.20940068705938358 0.2218983279416136 -0.0643870680336956 -0.5586642029172428 0.4822847051310688 
0.18102368703385846 1 -0.06806741350243745 0.5924691927209779 0.049210038289397934 0.3960600046607554 -0.13622307290172356 0.19944106599873357 
-0.1436257757849 -0.06806741350243745 1 -0.30924282115863405 0.10660904559033985 0.04848779144431762 0.18294690260047644 -0.18635723037509744 
0.20940068705938358 0.5924691927209779 -0.30924282115863405 1 -0.04552514118258632 0.48961757419956414 -0.15102502971986825 0.2362199502336416 
0.2218983279416136 0.049210038289397934 0.10660904559033985 -0.04552514118258632 1 -0.487598371666999 -0.4031223380468506 0.29076174179275144 
-0.0643870680336956 0.3960600046607554 0.04848779144431762 0.48961757419956414 -0.487598371666999 1 0.3106081994200822 -0.24217531716291826 
-0.5586642029172428 -0.13622307290172356 0.18294690260047644 -0.15102502971986825 -0.4031223380468506 0.3106081994200822 1 -0.5942929669120658 
0.4822847051310688 0.19944106599873357 -0.18635723037509744 0.2362199502336416 0.29076174179275144 -0.24217531716291826 -0.5942929669120658 1 

window=53
1 0.32529291108857156 -0.399580899471032 -0.30276735824124257 -0.06781637065946981 -0.21991299491814745 0.010953079825717898 -0.1724226133650131 
0.32529291108857156 1 -0.14590385669923311 0.43563737170268735 0.6788878073629053 -0.7190241084230363 -0.032401224492477496 0.3595120093692147 
-0.399580899471032 -0.14590385669923311 1 -0.02356533207869224 -0.13608232302332623 0.388136362306459 -0.04205232918441063 -0.2078611275718945 
-0.30276735824124257 0.43563737170268735 -0.02356533207869224 1 0.8837342056202658 -0.5083047289081576 -0.22883369828899217 0.5312304141593845 
-0.06781637065946981 0.6788878073629053 -0.13608232302332623 0.8837342056202658 1 -0.721207759637026 -0.18420713477341788 0.6485589847631875 
-0.21991299491814745 -0.7190241084230363 0.388136362306459 -0.5083047289081576 -0.721207759637026 1 -0.01040589068521034 -0.6629887383336336 
0.010953079825717898 -0.032401224492477496 -0.04205232918441063 -0.22883369828899217 -0.18420713477341788 -0.01040589068521034 1 0.01638947482601467 
-0.1724226133650131 0.3595120093692147 -0.2078611275718945 0.5312304141593845 0.6485589847631875 -0.6629887383336336 0.01638947482601467 1 

window=54
1 0.06297753088581089 -0.19172093497599801 -0.17966554715724506 -0.0320513243627732 0.03286400266451908 -0.1362342981854846 0.018579217315271176 
0.06297753088581089 1 0.5058318206306974 -0.28358959292680513 0.08646391321154706 0.1805783977513433 -0.17463417689282243 0.3097505388832278 
-0.19172093497599801 0.5058318206306974 1 -0.15552797108853023 0.19762139999163283 -0.019313767882406088 -0.01470515514102228 0.10501716026115515 
