window=0
1 0.14918686356877803 -0.10729593176024294 0.2775949272783035 -0.3751758103840857 0.04950867730974532 0.06402937473446416 0.027298060333212776 0.021263794574736566 
0.14918686356877803 1 -0.018293712360555194 -0.025508352966318194 -0.07893608027578611 -0.022264956461478823 -0.01626203111723097 0.08068732690749243 -0.041604195917708225 
-0.10729593176024294 -0.018293712360555194 1 -0.025671985019149468 0.12099042462158509 0.06638368503532181 0.02738039988312544 -0.033390589801468744 -0.013359057840022432 
0.2775949272783035 -0.025508352966318194 -0.025671985019149468 1 -0.14144150586147783 -0.06264719796041218 0.004326786860546277 -0.12999632276033177 0.11805955779018902 
-0.3751758103840857 -0.07893608027578611 0.12099042462158509 -0.14144150586147783 1 -0.09646897860040882 0.0030871402720235954 0.02454702250094616 0.13897101223540687 
0.04950867730974532 -0.022264956461478823 0.06638368503532181 -0.06264719796041218 -0.09646897860040882 1 -0.08291161694692749 0.07050169786930295 -0.05557843550429374 
0.06402937473446416 -0.01626203111723097 0.02738039988312544 0.004326786860546277 0.0030871402720235954 -0.08291161694692749 1 0.03851719313522896 0.02505798979645493 
0.027298060333212776 0.08068732690749243 -0.033390589801468744 -0.12999632276033177 0.02454702250094616 0.07050169786930295 0.03851719313522896 1 0.15479631891556822 
0.021263794574736566 -0.041604195917708225 -0.013359057840022432 0.11805955779018902 0.13897101223540687 -0.05557843550429374 0.02505798979645493 0.15479631891556822 1 

window=1
1 0.08448491726763481 -0.11450066809733035 -0.0679625567892033 -0.29679005550902093 0.11170588543987116 0.017772832459028918 0.03609280065144849 0.028740305759268777 
0.08448491726763481 1 -0.13501805639623224 0.2866178302761627 -0.13680067724500666 0.06078435680206648 0.1017278811806392 0.001514498972778324 0.06055535929342807 
-0.11450066809733035 -0.13501805639623224 1 -0.16506074476426474 -0.012809510325510328 -0.008493058467436011 0.11578212570957798 -0.042887950777230656 0.04343611209331448 
-0.0679625567892033 0.2866178302761627 -0.16506074476426474 1 0.28916853921575586 0.15326844075048796 -0.008678145905354871 -0.002682218073544353 -0.024625524148369667 
-0.29679005550902093 -0.13680067724500666 -0.012809510325510328 0.28916853921575586 1 0.008174760537256624 -0.164699523463328 -0.052408830337621184 -0.009926833003674173 
0.11170588543987116 0.06078435680206648 -0.008493058467436011 0.15326844075048796 0.008174760537256624 1 0.048075740589026666 -0.31500621986541355 -0.0657932686275996 
0.017772832459028918 0.1017278811806392 0.11578212570957798 -0.008678145905354871 -0.164699523463328 0.048075740589026666 1 0.006830732214337791 -0.04160304306207764 
0.03609280065144849 0.001514498972778324 -0.042887950777230656 -0.002682218073544353 -0.052408830337621184 -0.31500621986541355 0.006830732214337791 1 0.03618738645597134 
0.028740305759268777 0.06055535929342807 0.04343611209331448 -0.024625524148369667 -0.009926833003674173 -0.0657932686275996 -0.04160304306207764 0.03618738645597134 1 

window=2
1 0.15343685235489554 -0.06705494792414246 -0.24045956613828487 -0.17000001175526358 0.015395261845138869 -0.005782000120159695 0.06619302877025693 -0.0018132043819532816 
0.15343685235489554 1 -0.02055220571550733 -0.08495167846705266 -0.07627960722427986 0.2258095026201701 -0.0033325421175145267 0.2160538580829295 -0.11555607710654395 
-0.06705494792414246 -0.02055220571550733 1 0.15012087466453222 0.02937387637058545 0.1182367317376357 -0.03115459988013231 -0.07644274551786948 -0.06504866806246863 
-0.24045956613828487 -0.08495167846705266 0.15012087466453222 1 0.26040663319286994 -0.029669651192384832 0.06949475409675233 -0.10416089554829472 -0.019440697128574796 
-0.17000001175526358 -0.07627960722427986 0.02937387637058545 0.26040663319286994 1 -0.18094869911405168 0.06390661930573997 -0.04412235920360475 0.044836592782093544 
0.015395261845138869 0.2258095026201701 0.1182367317376357 -0.029669651192384832 -0.18094869911405168 1 0.038191725565030525 0.31443243298735857 0.029886889867492217 
-0.005782000120159695 -0.0033325421175145267 -0.03115459988013231 0.06949475409675233 0.06390661930573997 0.038191725565030525 1 0.017362388071099105 -0.07756193891940685 
0.06619302877025693 0.2160538580829295 -0.07644274551786948 -0.10416089554829472 -0.04412235920360475 0.31443243298735857 0.017362388071099105 1 0.10132731242911916 
-0.0018132043819532816 -0.11555607710654395 -0.06504866806246863 -0.019440697128574796 0.044836592782093544 0.029886889867492217 -0.07756193891940685 0.10132731242911916 1 

window=3
1 0.5114836253721324 0.041610725950093096 -0.14317177281521662 0.09406741429167158 0.0037814737089380164 -0.005613959420322147 0.14828810123488226 0.013667815476559247 
0.5114836253721324 1 0.1277735311661503 0.09089590916049292 0.10830789757407917 0.045474093724854045 -0.0008208202734721744 0.047566417423852904 -0.031754379911531724 
0.041610725950093096 0.1277735311661503 1 0.06756973679043107 -0.006697459163876968 -0.07046031292122629 -0.02024444384794333 -0.08128250225194354 0.10899907968190425 
-0.14317177281521662 0.09089590916049292 0.06756973679043107 1 0.10317073229437497 0.09455830066514181 0.0009464999323626659 0.034558811770770415 0.07515619203275056 
0.09406741429167158 0.10830789757407917 -0.006697459163876968 0.10317073229437497 1 -0.015797537561305357 0.02150061953194727 0.080117256571323 0.014997582817336291 
0.0037814737089380164 0.045474093724854045 -0.07046031292122629 0.09455830066514181 -0.015797537561305357 1 0.004317587630294282 0.4746951722053088 -0.06552825309279955 
-0.005613959420322147 -0.0008208202734721744 -0.02024444384794333 0.0009464999323626659 0.02150061953194727 0.004317587630294282 1 -0.06722336150302466 -0.06701840380271999 
0.14828810123488226 0.047566417423852904 -0.08128250225194354 0.034558811770770415 0.080117256571323 0.4746951722053088 -0.06722336150302466 1 0.04707690414543183 
0.013667815476559247 -0.031754379911531724 0.10899907968190425 0.07515619203275056 0.014997582817336291 -0.06552825309279955 -0.06701840380271999 0.04707690414543183 1 

window=4
1 -0.07389651424262979 0.04413420298903785 -0.07557596324116551 -0.047277578395816026 0.04840364631023922 0.06714525081171083 -0.09539230279118559 0.009577077558886609 
-0.07389651424262979 1 0.06071005099776157 -0.03919941967608379 -0.07845669319034411 -0.035348306265067374 0.004832576748121932 0.07867670545225373 -0.07344142142232488 
0.04413420298903785 0.06071005099776157 1 -0.15339091432271312 -0.04866634383142814 -0.07745871669509481 0.019125048922201585 0.09017622750745671 -0.048878614822791 
-0.07557596324116551 -0.03919941967608379 -0.15339091432271312 1 -0.04425800936566025 -0.05206468722210964 0.06813406486589346 0.12660855289887157 -0.0055514040000102394 
-0.047277578395816026 -0.07845669319034411 -0.04866634383142814 -0.04425800936566025 1 -0.09550674057193902 -0.030826997238581032 0.06985226918352715 0.09930674679710931 
0.04840364631023922 -0.035348306265067374 -0.07745871669509481 -0.05206468722210964 -0.09550674057193902 1 -0.07229732316697676 0.4756048022680682 -0.0017486184214170004 
0.06714525081171083 0.004832576748121932 0.019125048922201585 0.06813406486589346 -0.030826997238581032 -0.07229732316697676 1 0.04024181737909711 -0.08647437764156887 
-0.09539230279118559 0.07867670545225373 0.09017622750745671 0.12660855289887157 0.06985226918352715 0.4756048022680682 0.04024181737909711 1 -0.03435964226346839 
0.009577077558886609 -0.07344142142232488 -0.048878614822791 -0.0055514040000102394 0.09930674679710931 -0.0017486184214170004 -0.08647437764156887 -0.03435964226346839 1 

window=5
1 -0.07836946243964818 0.07626401956485486 -0.1684398640568797 -0.05222831563198204 -0.09518047422623137 -0.06091010602363228 0.15541885395360205 0.0030356030748811998 
-0.07836946243964818 1 -0.01241605821568973 0.0026772492687717362 -0.201927488798407 -0.086007451954152 -0.0059536612157996965 0.025795049216582173 -0.127689981170039 
0.07626401956485486 -0.01241605821568973 1 -0.0976610219307961 0.011486943332581122 -0.024272460378718826 -0.01330515646534551 0.009764866882693124 -0.05047619500122171 
-0.1684398640568797 0.0026772492687717362 -0.0976610219307961 1 0.1581445234654752 -0.07011244905120126 0.031761563491325986 -0.10682773709937028 0.00025010746026803257 
-0.05222831563198204 -0.201927488798407 0.011486943332581122 0.1581445234654752 1 -0.007953003181478391 0.01723562468148633 -0.23904751631939294 0.021489360325859623 
-0.09518047422623137 -0.086007451954152 -0.024272460378718826 -0.07011244905120126 -0.007953003181478391 1 0.05766451916179443 -0.08827168107692618 0.007607017530295564 
-0.06091010602363228 -0.0059536612157996965 -0.01330515646534551 0.031761563491325986 0.01723562468148633 0.05766451916179443 1 -0.0857302493213887 -0.010064302811575065 
0.15541885395360205 0.025795049216582173 0.009764866882693124 -0.10682773709937028 -0.23904751631939294 -0.08827168107692618 -0.0857302493213887 1 0.07457028154101536 
0.0030356030748811998 -0.127689981170039 -0.05047619500122171 0.00025010746026803257 0.021489360325859623 0.007607017530295564 -0.010064302811575065 0.07457028154101536 1 

window=6
1 -0.07469025540514813 0.021384935889789635 0.2245231674526268 0.08305853297324901 0.018592972666852066 0.010245996014690234 -0.09071151533807206 0.022510556404288215 
-0.07469025540514813 1 -0.02772744291643675 -0.3158620904019212 0.04828889952211806 0.08216951391957301 -0.06166363194168122 -0.10604841417090526 -0.0035763801214174743 
0.021384935889789635 -0.02772744291643675 1 0.16565784682402465 -0.007341095766656642 0.09051782444037107 -0.03493994161224896 0.0966261052162184 0.02016084895269984 
0.2245231674526268 -0.3158620904019212 0.16565784682402465 1 -0.021838571910687596 0.07691936425303474 0.02017537617455635 0.008718003075585836 0.036384754932748835 
0.08305853297324901 0.04828889952211806 -0.007341095766656642 -0.021838571910687596 1 0.38260151505955126 -0.04981641752785028 0.30327030273158334 -0.07496636675194916 
0.018592972666852066 0.08216951391957301 0.09051782444037107 0.07691936425303474 0.38260151505955126 1 -0.030385318787905645 -0.07690510960648081 0.038570822308528645 
0.010245996014690234 -0.06166363194168122 -0.03493994161224896 0.02017537617455635 -0.04981641752785028 -0.030385318787905645 1 -0.047375274562724445 -0.020375850501169523 
-0.09071151533807206 -0.10604841417090526 0.0966261052162184 0.008718003075585836 0.30327030273158334 -0.07690510960648081 -0.047375274562724445 1 -0.11972005023527335 
0.022510556404288215 -0.0035763801214174743 0.02016084895269984 0.036384754932748835 -0.07496636675194916 0.038570822308528645 -0.020375850501169523 -0.11972005023527335 1 

window=8
1 -0.2941106864591348 0.0634831505104642 0.2949238702712658 -0.06805888415458267 0.02732187963426553 -0.007728058342081688 0.04932208716379826 0.010696735010837493 
-0.2941106864591348 1 0.08541278798691722 -0.14788856743590612 -0.01533904135306448 -0.2099049377621909 0.08094891066207148 -0.08582257216126622 0.04926569344378405 
0.0634831505104642 0.08541278798691722 1 0.037438135568113436 -0.05192813610112278 -0.08290612535332495 -0.026959023814890876 0.002898751309717596 0.02300454480135603 
0.2949238702712658 -0.14788856743590612 0.037438135568113436 1 -0.035682490069818 0.027060472072433825 -0.03713944611033648 -0.037229579310125105 0.0019133870636578313 
-0.06805888415458267 -0.01533904135306448 -0.05192813610112278 -0.035682490069818 1 -0.03704610005248565 0.03765086893905859 -0.06947892290592605 -0.0026333970675405743 
0.02732187963426553 -0.2099049377621909 -0.08290612535332495 0.027060472072433825 -0.03704610005248565 1 -0.01656107517014127 0.2083767836468437 0.015427835031403053 
-0.007728058342081688 0.08094891066207148 -0.026959023814890876 -0.03713944611033648 0.03765086893905859 -0.01656107517014127 1 0.04802145985269375 0.06866570678896719 
0.04932208716379826 -0.08582257216126622 0.002898751309717596 -0.037229579310125105 -0.06947892290592605 0.2083767836468437 0.04802145985269375 1 -0.03569134211737391 
0.010696735010837493 0.04926569344378405 0.02300454480135603 0.0019133870636578313 -0.0026333970675405743 0.015427835031403053 0.06866570678896719 -0.03569134211737391 1 

window=10
1 0.016697471310493293 0.0467299155792596 -0.1243929478807395 0.017228166628900695 -0.018943937878119366 -0.020454834819116398 -0.024936979391586993 0.019074051906472534 
0.016697471310493293 1 0.03534680632472155 -0.2002026804128433 0.1385376367820657 -0.05401623983567335 0.014989746550710326 0.07822126980882409 -0.04297987623025817 
0.0467299155792596 0.03534680632472155 1 -0.06383830536711514 -0.01499174057195689 -0.04235422986559883 0.03776605202188137 -0.08371633139408964 0.0997146646983341 
-0.1243929478807395 -0.2002026804128433 -0.06383830536711514 1 -0.07387949852277588 -0.05709996420817495 0.005836300252995718 -0.2236533155566602 -0.016573169978624284 
0.017228166628900695 0.1385376367820657 -0.01499174057195689 -0.07387949852277588 1 0.13968608263837834 -0.009616220280195542 0.09806209375319362 0.028624871150014226 
-0.018943937878119366 -0.05401623983567335 -0.04235422986559883 -0.05709996420817495 0.13968608263837834 1 -0.005584368752790438 0.005677654623420602 -0.038639974316068415 
-0.020454834819116398 0.014989746550710326 0.03776605202188137 0.005836300252995718 -0.009616220280195542 -0.005584368752790438 1 -0.03503225848045995 0.019965976657039305 
-0.024936979391586993 0.07822126980882409 -0.08371633139408964 -0.2236533155566602 0.09806209375319362 0.005677654623420602 -0.03503225848045995 1 -0.04001625143216157 
0.019074051906472534 -0.04297987623025817 0.0997146646983341 -0.016573169978624284 0.028624871150014226 -0.038639974316068415 0.019965976657039305 -0.04001625143216157 1 

window=11
1 0.0032722810890780407 -0.08371915904357867 0.14088811932573894 0.07659639587007637 0.09374870155441534 -0.17709370011145897 0.0782359557338159 0.17779580468461662 
0.0032722810890780407 1 0.05846827005098344 -0.1497391946702329 0.1813009990207244 -0.0032009681266433982 0.049370553290393436 0.14699444953440846 -0.01811961956433735 
-0.08371915904357867 0.05846827005098344 1 -0.06684469186564448 0.07308711984715949 -0.06408773931026182 0.05085143404368552 -0.01210827283713772 0.07824088560483655 
0.14088811932573894 -0.1497391946702329 -0.06684469186564448 1 0.04672627908058947 -0.11010263458522397 -0.02262914063321673 -0.033596110632274356 0.06499951344378577 
0.07659639587007637 0.1813009990207244 0.07308711984715949 0.04672627908058947 1 0.021315535059852102 -0.0058442532338268 0.12405477039528634 0.12264810856639088 
0.09374870155441534 -0.0032009681266433982 -0.06408773931026182 -0.11010263458522397 0.021315535059852102 1 -0.06613695466324125 0.1310616546432614 -0.014131567358172482 
-0.17709370011145897 0.049370553290393436 0.05085143404368552 -0.02262914063321673 -0.0058442532338268 -0.06613695466324125 1 0.003252381795271855 -0.06690234905773486 
0.0782359557338159 0.14699444953440846 -0.01210827283713772 -0.033596110632274356 0.12405477039528634 0.1310616546432614 0.003252381795271855 1 -0.06589624821741648 
0.17779580468461662 -0.01811961956433735 0.07824088560483655 0.06499951344378577 0.12264810856639088 -0.014131567358172482 -0.06690234905773486 -0.06589624821741648 1 

window=12
1 -0.18472883118726113 -0.033021197017443674 -0.06633651930037156 -0.06852897435758196 -0.0367268847010429 0.07811362226658279 -0.009337827873137541 0.15126061452681885 
-0.18472883118726113 1 0.008099966872717086 -0.14074913417687931 0.03174574001878295 -0.23708081286603108 0.0887328304319002 0.17330169880693733 0.021607181836762183 
-0.033021197017443674 0.008099966872717086 1 0.15053243833998342 0.03738364463255997 -0.017589160220080037 -0.12649728749874364 -0.015220505302556335 0.11613774381674344 
-0.06633651930037156 -0.14074913417687931 0.15053243833998342 1 0.07442010343546243 -0.030252052169999082 -0.08358149856384955 -0.11449244741786144 -0.014861193433173122 
-0.06852897435758196 0.03174574001878295 0.03738364463255997 0.07442010343546243 1 -0.034167035132223536 -0.02384885987713136 0.01527639421127222 -0.1690184318385683 
-0.0367268847010429 -0.23708081286603108 -0.017589160220080037 -0.030252052169999082 -0.034167035132223536 1 0.12552157497929103 0.057392110574078274 0.049281781373797 
0.07811362226658279 0.0887328304319002 -0.12649728749874364 -0.08358149856384955 -0.02384885987713136 0.12552157497929103 1 0.1377750799466541 -0.023725910466041687 
-0.009337827873137541 0.17330169880693733 -0.015220505302556335 -0.11449244741786144 0.01527639421127222 0.057392110574078274 0.1377750799466541 1 0.0008378482117516528 
0.15126061452681885 0.021607181836762183 0.11613774381674344 -0.014861193433173122 -0.1690184318385683 0.049281781373797 -0.023725910466041687 0.0008378482117516528 1 

window=14
1 0.22821880947748155 0.02142065229072807 -0.17705879182915676 -0.015384530476458819 -0.04410157007295936 -0.03283612638336634 0.11032984557674792 0.02833569983460451 
0.22821880947748155 1 0.08274762375983975 0.03430731213652293 -0.004035508271125589 -0.05210667256658862 0.014047773153852246 -0.019969820881927565 -0.0219373349512194 
0.02142065229072807 0.08274762375983975 1 -0.0485069600225896 -0.03808078743267582 -0.09067810487302591 -0.06388969135022797 -0.049851807038239826 0.037524070670994544 
-0.17705879182915676 0.03430731213652293 -0.0485069600225896 1 -0.06969639136161318 0.2782468630931231 0.042729537856492916 -0.07081790160604089 0.08424307973060775 
-0.015384530476458819 -0.004035508271125589 -0.03808078743267582 -0.06969639136161318 1 -0.14243030179107719 -0.11576276706531105 -0.16323049894431965 0.05054280084170215 
-0.04410157007295936 -0.05210667256658862 -0.09067810487302591 0.2782468630931231 -0.14243030179107719 1 0.025679320726021058 -0.03460031827337642 -0.007850407105112304 
-0.03283612638336634 0.014047773153852246 -0.06388969135022797 0.042729537856492916 -0.11576276706531105 0.025679320726021058 1 0.07079996935876008 -0.003811848445812038 
0.11032984557674792 -0.019969820881927565 -0.049851807038239826 -0.07081790160604089 -0.16323049894431965 -0.03460031827337642 0.07079996935876008 1 0.04386588241708188 
0.02833569983460451 -0.0219373349512194 0.037524070670994544 0.08424307973060775 0.05054280084170215 -0.007850407105112304 -0.003811848445812038 0.04386588241708188 1 

window=16
1 -0.10128054003139124 0.03950597444251495 -0.227829144815317 0.1606078218714603 0.1625889552114852 0.021868742901369188 -0.0005714573979704529 -0.015534573050134136 
-0.10128054003139124 1 -0.14056512190006565 -0.10618323148497946 -0.14019429084584453 0.04688509567127419 0.05308442727832107 -0.08034706762182446 0.009853047178921074 
0.03950597444251495 -0.14056512190006565 1 0.027060326127158772 0.049017158289458636 -0.13371585311971068 0.05789859186608464 0.09323799226273749 -0.040253852342300785 
-0.227829144815317 -0.10618323148497946 0.027060326127158772 1 -0.09720007196040102 -0.021187588650192685 0.06934193973032267 -0.002212670660137971 -0.132925451125045 
0.1606078218714603 -0.14019429084584453 0.049017158289458636 -0.09720007196040102 1 -0.02719905500319202 0.09698412233496519 -0.04192936537116646 -0.050766250330873425 
0.1625889552114852 0.04688509567127419 -0.13371585311971068 -0.021187588650192685 -0.02719905500319202 1 -0.05519052526769275 0.078692683269768 -0.06989096027184648 
0.021868742901369188 0.05308442727832107 0.05789859186608464 0.06934193973032267 0.09698412233496519 -0.05519052526769275 1 -0.03377725047264131 0.04212152476141139 
-0.0005714573979704529 -0.08034706762182446 0.09323799226273749 -0.002212670660137971 -0.04192936537116646 0.078692683269768 -0.03377725047264131 1 0.005969973271105732 
-0.015534573050134136 0.009853047178921074 -0.040253852342300785 -0.132925451125045 -0.050766250330873425 -0.06989096027184648 0.04212152476141139 0.005969973271105732 1 

window=17
1 0.39439056633359093 0.029275440825803488 -0.09032459164195991 -0.06879467414974269 0.04747154305508863 -0.031163058060062376 -0.037530517733382535 0.04448543821616059 
0.39439056633359093 1 0.013568691400774378 -0.09625336108632934 -0.1094861431627492 0.0586577267006683 -0.07634162983606169 0.04590904924273966 -0.03916581457288325 
0.029275440825803488 0.013568691400774378 1 -0.07475088066938754 0.03951634058428968 0.04878353178074945 0.05155859754289698 -0.007490738248342353 0.05878079683312095 
-0.09032459164195991 -0.09625336108632934 -0.07475088066938754 1 -0.02230573972905106 0.18978091218731027 -0.05165554168297671 -0.07686168946496415 -0.11527063398875557 
-0.06879467414974269 -0.1094861431627492 0.03951634058428968 -0.02230573972905106 1 -0.24375192309646065 -0.013373323199651925 -0.0022769301544480294 0.01546308507340488 
0.04747154305508863 0.0586577267006683 0.04878353178074945 0.18978091218731027 -0.24375192309646065 1 0.06855031712769458 0.28957430333624046 -0.1157120192884182 
-0.031163058060062376 -0.07634162983606169 0.05155859754289698 -0.05165554168297671 -0.013373323199651925 0.06855031712769458 1 -0.10196729771891466 0.014006470205765975 
-0.037530517733382535 0.04590904924273966 -0.007490738248342353 -0.07686168946496415 -0.0022769301544480294 0.28957430333624046 -0.10196729771891466 1 0.03454112567411464 
0.04448543821616059 -0.03916581457288325 0.05878079683312095 -0.11527063398875557 0.01546308507340488 -0.1157120192884182 0.014006470205765975 0.03454112567411464 1 

window=19
1 -0.07062387657303842 -0.01257344471662633 0.31969389898227385 -0.0033836153177374023 -0.18996323222144879 -0.10374187478456937 -0.043903397113860126 0.017923544587621798 
-0.07062387657303842 1 -0.09776320345562481 -0.2626853411539087 0.009185639266813931 0.05462950161334814 0.03363560203689373 -0.0750009004403594 -0.003554357473854216 
-0.01257344471662633 -0.09776320345562481 1 -0.11718141724203308 -0.04200362784186866 -0.026724264580576917 -0.10241344001077242 -0.04587354346724014 -0.019298039652282616 
0.31969389898227385 -0.2626853411539087 -0.11718141724203308 1 0.1026012374984565 0.06262436719994925 -0.02869935179573481 -0.08406507580842815 0.022766278978475208 
-0.0033836153177374023 0.009185639266813931 -0.04200362784186866 0.1026012374984565 1 -0.013835646235829824 -0.03748249802503614 -0.09680249004400332 -0.013702516775484782 
-0.18996323222144879 0.05462950161334814 -0.026724264580576917 0.06262436719994925 -0.013835646235829824 1 -0.11559048646052797 0.031579168200514325 0.020239251206576128 
-0.10374187478456937 0.03363560203689373 -0.10241344001077242 -0.02869935179573481 -0.03748249802503614 -0.11559048646052797 1 0.016817303785802803 0.0031565204389505993 
-0.043903397113860126 -0.0750009004403594 -0.04587354346724014 -0.08406507580842815 -0.09680249004400332 0.031579168200514325 0.016817303785802803 1 -0.00894197223228576 
0.017923544587621798 -0.003554357473854216 -0.019298039652282616 0.022766278978475208 -0.013702516775484782 0.020239251206576128 0.0031565204389505993 -0.00894197223228576 1 

window=21
1 -0.2513559940655222 -0.12244705301517052 0.18116205406641658 -0.06404234303908568 0.009264771142378135 0.04317207421823359 -0.05635964698336797 0.046203576263766984 
-0.2513559940655222 1 0.12218495389533524 0.08675503665373949 0.019968721572412113 -0.09780850750847331 -0.07888624715204419 -0.0007488042116155947 -0.02972418074843592 
-0.12244705301517052 0.12218495389533524 1 -0.04780180635979107 -0.024029404706143596 -0.14471271645931266 -0.03459290473963686 -0.2642290464826646 0.026944323652995303 
0.18116205406641658 0.08675503665373949 -0.04780180635979107 1 -0.07741033091291911 0.11693346465482823 -0.05054277292043676 0.08659005085127373 -0.022680720617809052 
-0.06404234303908568 0.019968721572412113 -0.024029404706143596 -0.07741033091291911 1 -0.1851440373701357 0.134553561617829 0.05289031267720072 -0.06786380134205139 
0.009264771142378135 -0.09780850750847331 -0.14471271645931266 0.11693346465482823 -0.1851440373701357 1 -0.18197115157454918 -0.296069519339729 -0.07506516777563309 
0.04317207421823359 -0.07888624715204419 -0.03459290473963686 -0.05054277292043676 0.134553561617829 -0.18197115157454918 1 0.10769242801300787 0.08912316776585924 
-0.05635964698336797 -0.0007488042116155947 -0.2642290464826646 0.08659005085127373 0.05289031267720072 -0.296069519339729 0.10769242801300787 1 0.10855181006260964 
0.046203576263766984 -0.02972418074843592 0.026944323652995303 -0.022680720617809052 -0.06786380134205139 -0.07506516777563309 0.08912316776585924 0.10855181006260964 1 

window=22
1 -0.04189312935679489 0.018942679887199842 -0.34845542214163905 -0.03284481610995884 -0.060329569213507336 0.0943891797170832 -0.05540164376705308 -0.03308866406184673 
-0.04189312935679489 1 0.001555261499489786 -0.1703488156207709 -0.07209890884428774 0.005038322250144323 0.062046830778411444 -0.0046215828694373745 0.04184559059601371 
0.018942679887199842 0.001555261499489786 1 0.07851604141193524 -0.04449957911506442 0.06145679944093967 -0.2647596590111236 -0.10073357555264562 -0.08455697346343054 
-0.34845542214163905 -0.1703488156207709 0.07851604141193524 1 0.15041440788376237 0.09350321566746322 0.0364455666493236 0.05027157494640292 -0.03351135884041896 
-0.03284481610995884 -0.07209890884428774 -0.04449957911506442 0.15041440788376237 1 0.3615615010551853 0.16232947568295525 0.1939705972076968 -0.009470361122069223 
-0.060329569213507336 0.005038322250144323 0.06145679944093967 0.09350321566746322 0.3615615010551853 1 0.09110454089537137 0.3113098824740977 -0.08106539161504617 
0.0943891797170832 0.062046830778411444 -0.2647596590111236 0.0364455666493236 0.16232947568295525 0.09110454089537137 1 0.05600199889352527 -0.04654480085690604 
-0.05540164376705308 -0.0046215828694373745 -0.10073357555264562 0.05027157494640292 0.1939705972076968 0.3113098824740977 0.05600199889352527 1 -0.1436706540898034 
-0.03308866406184673 0.04184559059601371 -0.08455697346343054 -0.03351135884041896 -0.009470361122069223 -0.08106539161504617 -0.04654480085690604 -0.1436706540898034 1 

window=24
1 -0.044787498827165935 0.10871949186377014 0.35953474501392557 0.14001221734445007 -0.0692170238519633 0.05489443735465234 -0.08085934653917223 0.07985775382544731 
-0.044787498827165935 1 0.0804104786267846 -0.12646361929987937 -0.00628183419120207 -0.03172700366055679 -0.0014669059403759452 0.06059998271034909 0.06861435063299721 
0.10871949186377014 0.0804104786267846 1 0.1270510364538612 0.06040588423013432 0.041324113122641594 0.03690681124736736 -0.10407533774140978 0.048728975814700946 
0.35953474501392557 -0.12646361929987937 0.1270510364538612 1 0.15634753973999513 -0.047639198167061164 0.015953370492905117 -0.16180220886505658 -0.01102648117274478 
0.14001221734445007 -0.00628183419120207 0.06040588423013432 0.15634753973999513 1 0.39196186956682616 -0.018322391516281615 -0.13842790601982224 0.06201557658679925 
-0.0692170238519633 -0.03172700366055679 0.041324113122641594 -0.047639198167061164 0.39196186956682616 1 -0.01730118471887346 0.11092175866839836 0.04874421700200508 
0.05489443735465234 -0.0014669059403759452 0.03690681124736736 0.015953370492905117 -0.018322391516281615 -0.01730118471887346 1 -0.08316346625285859 -0.012400847942476298 
-0.08085934653917223 0.06059998271034909 -0.10407533774140978 -0.16180220886505658 -0.13842790601982224 0.11092175866839836 -0.08316346625285859 1 -0.029241077626512253 
0.07985775382544731 0.06861435063299721 0.048728975814700946 -0.01102648117274478 0.06201557658679925 0.04874421700200508 -0.012400847942476298 -0.029241077626512253 1 

window=26
1 -0.04085373631007891 -0.08033103411187516 0.061191077676674796 -0.05850709677828639 0.04852712795145963 -0.07573435449061329 -0.005607779536301854 -0.026894722271677707 
-0.04085373631007891 1 0.10009314633492637 -0.009695322237609908 0.08510373062402934 0.12763751525477474 0.03603168504699527 -0.05929879826544801 0.015449661919081802 
-0.08033103411187516 0.10009314633492637 1 0.11865639720662889 0.04196637012432743 0.021969832653393317 -0.03200802191883273 0.06146974877459837 0.05433946545275891 
0.061191077676674796 -0.009695322237609908 0.11865639720662889 1 -0.08422348699490867 0.021956736366598045 0.07427779489415932 0.020781993178601202 0.029425339914188647 
-0.05850709677828639 0.08510373062402934 0.04196637012432743 -0.08422348699490867 1 -0.020925695304849078 0.002311588899706235 0.21883000478902315 -0.054894192143800195 
0.04852712795145963 0.12763751525477474 0.021969832653393317 0.021956736366598045 -0.020925695304849078 1 0.033720837482470824 0.172951927278732 0.11620033349377315 
-0.07573435449061329 0.03603168504699527 -0.03200802191883273 0.07427779489415932 0.002311588899706235 0.033720837482470824 1 0.14530866968076447 0.036896449434935155 
-0.005607779536301854 -0.05929879826544801 0.06146974877459837 0.020781993178601202 0.21883000478902315 0.172951927278732 0.14530866968076447 1 0.032728248590416086 
-0.026894722271677707 0.015449661919081802 0.05433946545275891 0.029425339914188647 -0.054894192143800195 0.11620033349377315 0.036896449434935155 0.032728248590416086 1 

window=27
1 0.06661130219474552 -0.00556286869147013 0.2702677422506488 -0.03431191976017234 0.005897700007409688 -0.09441880062432421 0.0625738678599578 -0.047429584169546984 
0.06661130219474552 1 0.05064444166792216 0.06605038051424886 0.09346842106634025 0.08227123895709625 -0.031819070713264584 -0.03236643289055427 0.09674658679453284 
-0.00556286869147013 0.05064444166792216 1 -0.02567709519106962 -0.02326064773830172 0.02907988325813426 0.07084304025171058 -0.010848285929443556 0.06475114254151226 
0.2702677422506488 0.06605038051424886 -0.02567709519106962 1 0.046418611022784585 0.0092974425410763 -0.13664952232678346 -0.03268068805736686 0.052211504460937384 
-0.03431191976017234 0.09346842106634025 -0.02326064773830172 0.046418611022784585 1 -0.1915458843991596 -0.1060617675395824 -0.14807117490148652 -0.018702230466306834 
0.005897700007409688 0.08227123895709625 0.02907988325813426 0.0092974425410763 -0.1915458843991596 1 0.02279092005908636 0.09842361919531875 -0.07574355018770619 
-0.09441880062432421 -0.031819070713264584 0.07084304025171058 -0.13664952232678346 -0.1060617675395824 0.02279092005908636 1 -0.015383892059028074 0.09267891399083167 
0.0625738678599578 -0.03236643289055427 -0.010848285929443556 -0.03268068805736686 -0.14807117490148652 0.09842361919531875 -0.015383892059028074 1 0.09407054867525727 
-0.047429584169546984 0.09674658679453284 0.06475114254151226 0.052211504460937384 -0.018702230466306834 -0.07574355018770619 0.09267891399083167 0.09407054867525727 1 

window=29
1 0.15164457270466694 0.13464359910709775 0.16704261962021852 -0.04423274914983999 -0.10481974420407246 0.10318392253613985 -0.08116437328954493 0.027588935844494164 
0.15164457270466694 1 0.010696620526781615 0.15523898043776926 -0.06793412574200386 0.039175281759995996 0.142890459895332 -0.08579832006843502 0.0018475848149308314 
0.13464359910709775 0.010696620526781615 1 -0.1400610845457397 0.15860708539410934 0.16768871446040612 0.08721273706801064 -0.03996364013535505 0.0580730828810381 
0.16704261962021852 0.15523898043776926 -0.1400610845457397 1 -0.019109560032659473 -0.15686851653477737 0.06596356995775886 -0.07611687016178836 -0.028739692754045865 
-0.04423274914983999 -0.06793412574200386 0.15860708539410934 -0.019109560032659473 1 -0.17328524848494994 -0.032983157771576885 -0.2904707573437218 -0.0427731215661145 
-0.10481974420407246 0.039175281759995996 0.16768871446040612 -0.15686851653477737 -0.17328524848494994 1 0.16885149870245125 0.34865295131602775 -0.011065823568858256 
0.10318392253613985 0.142890459895332 0.08721273706801064 0.06596356995775886 -0.032983157771576885 0.16885149870245125 1 0.023502838340113567 -0.09759021298625997 
-0.08116437328954493 -0.08579832006843502 -0.03996364013535505 -0.07611687016178836 -0.2904707573437218 0.34865295131602775 0.023502838340113567 1 0.03499995435901255 
0.027588935844494164 0.0018475848149308314 0.0580730828810381 -0.028739692754045865 -0.0427731215661145 -0.011065823568858256 -0.09759021298625997 0.03499995435901255 1 

final matrix:
1.0 0.023944606513127777 0.0009337373582253924 0.026991194347055207 -0.0394281345709432 0.0010917218794258073 -0.0028886400078929377 0.00723694350109938 0.027488407600681084 
0.023944606513127777 1.0 0.018351277626237776 -0.054913719554428905 -0.012945843509368348 -4.446227299476245e-05 0.01932346365458083 0.019299885360827357 -0.008729455365719133 
0.0009337373582253924 0.018351277626237776 1.0 -0.004944955900648798 0.01464411975391355 -0.006571982205465462 -0.009306634837778861 -0.02923529431067692 0.024617349348180568 
0.026991194347055207 -0.054913719554428905 -0.004944955900648798 1.0 0.033370140481312115 0.02316693522428141 0.004086271681747899 -0.04426984496670189 0.002866828029525604 
-0.0394281345709432 -0.012945843509368348 0.01464411975391355 0.033370140481312115 1.0 -0.0076526010467855565 -0.003289455022506743 -0.005018844167831451 0.004008487369889737 
0.0010917218794258073 -4.446227299476245e-05 -0.006571982205465462 0.02316693522428141 -0.0076526010467855565 1.0 0.00193040844804315 0.11280932163784829 -0.01675501377710003 
-0.0028886400078929377 0.01932346365458083 -0.009306634837778861 0.004086271681747899 -0.003289455022506743 0.00193040844804315 1.0 0.01154624809977697 -0.0077333888882634965 
0.00723694350109938 0.019299885360827357 -0.02923529431067692 -0.04426984496670189 -0.005018844167831451 0.11280932163784829 0.01154624809977697 1.0 0.013904112215912388 
0.027488407600681084 -0.008729455365719133 0.024617349348180568 0.002866828029525604 0.004008487369889737 -0.01675501377710003 -0.0077333888882634965 0.013904112215912388 1.0 

{1: [1, 9, 2, 6, 8], 3: [3], 4: [4, 5, 7]}
new accuracy=0.4722222222222222
old accuracy=-0.999:0.3333333333333332
old accuracy=-0.998:0.3333333333333332
old accuracy=-0.997:0.3333333333333332
old accuracy=-0.996:0.3333333333333332
old accuracy=-0.995:0.3333333333333332
old accuracy=-0.994:0.3333333333333332
old accuracy=-0.993:0.3333333333333332
old accuracy=-0.992:0.3333333333333332
old accuracy=-0.991:0.3333333333333332
old accuracy=-0.99:0.3333333333333332
old accuracy=-0.989:0.3333333333333332
old accuracy=-0.988:0.3333333333333332
old accuracy=-0.987:0.3333333333333332
old accuracy=-0.986:0.3333333333333332
old accuracy=-0.985:0.3333333333333332
old accuracy=-0.984:0.3333333333333332
old accuracy=-0.983:0.3333333333333332
old accuracy=-0.982:0.3333333333333332
old accuracy=-0.981:0.3333333333333332
old accuracy=-0.98:0.3333333333333332
old accuracy=-0.979:0.3333333333333332
old accuracy=-0.978:0.3333333333333332
old accuracy=-0.977:0.3333333333333332
old accuracy=-0.976:0.3333333333333332
old accuracy=-0.975:0.3333333333333332
old accuracy=-0.974:0.3333333333333332
old accuracy=-0.973:0.3333333333333332
old accuracy=-0.972:0.3333333333333332
old accuracy=-0.971:0.3333333333333332
old accuracy=-0.97:0.3333333333333332
old accuracy=-0.969:0.3333333333333332
old accuracy=-0.968:0.3333333333333332
old accuracy=-0.967:0.3333333333333332
old accuracy=-0.966:0.3333333333333332
old accuracy=-0.965:0.3333333333333332
old accuracy=-0.964:0.3333333333333332
old accuracy=-0.963:0.3333333333333332
old accuracy=-0.962:0.3333333333333332
old accuracy=-0.961:0.3333333333333332
old accuracy=-0.96:0.3333333333333332
old accuracy=-0.959:0.3333333333333332
old accuracy=-0.958:0.3333333333333332
old accuracy=-0.957:0.3333333333333332
old accuracy=-0.956:0.3333333333333332
old accuracy=-0.955:0.3333333333333332
old accuracy=-0.954:0.3333333333333332
old accuracy=-0.953:0.3333333333333332
old accuracy=-0.952:0.3333333333333332
old accuracy=-0.951:0.3333333333333332
old accuracy=-0.95:0.3333333333333332
old accuracy=-0.949:0.3333333333333332
old accuracy=-0.948:0.3333333333333332
old accuracy=-0.947:0.3333333333333332
old accuracy=-0.946:0.3333333333333332
old accuracy=-0.945:0.3333333333333332
old accuracy=-0.944:0.3333333333333332
old accuracy=-0.943:0.3333333333333332
old accuracy=-0.942:0.3333333333333332
old accuracy=-0.941:0.3333333333333332
old accuracy=-0.94:0.3333333333333332
old accuracy=-0.939:0.3333333333333332
old accuracy=-0.938:0.3333333333333332
old accuracy=-0.9369999999999999:0.3333333333333332
old accuracy=-0.9359999999999999:0.3333333333333332
old accuracy=-0.9349999999999999:0.3333333333333332
old accuracy=-0.9339999999999999:0.3333333333333332
old accuracy=-0.9329999999999999:0.3333333333333332
old accuracy=-0.9319999999999999:0.3333333333333332
old accuracy=-0.9309999999999999:0.3333333333333332
old accuracy=-0.9299999999999999:0.3333333333333332
old accuracy=-0.9289999999999999:0.3333333333333332
old accuracy=-0.9279999999999999:0.3333333333333332
old accuracy=-0.9269999999999999:0.3333333333333332
old accuracy=-0.9259999999999999:0.3333333333333332
old accuracy=-0.9249999999999999:0.3333333333333332
old accuracy=-0.9239999999999999:0.3333333333333332
old accuracy=-0.9229999999999999:0.3333333333333332
old accuracy=-0.9219999999999999:0.3333333333333332
old accuracy=-0.9209999999999999:0.3333333333333332
old accuracy=-0.9199999999999999:0.3333333333333332
old accuracy=-0.9189999999999999:0.3333333333333332
old accuracy=-0.9179999999999999:0.3333333333333332
old accuracy=-0.9169999999999999:0.3333333333333332
old accuracy=-0.9159999999999999:0.3333333333333332
old accuracy=-0.9149999999999999:0.3333333333333332
old accuracy=-0.9139999999999999:0.3333333333333332
old accuracy=-0.9129999999999999:0.3333333333333332
old accuracy=-0.9119999999999999:0.3333333333333332
old accuracy=-0.9109999999999999:0.3333333333333332
old accuracy=-0.9099999999999999:0.3333333333333332
old accuracy=-0.9089999999999999:0.3333333333333332
old accuracy=-0.9079999999999999:0.3333333333333332
old accuracy=-0.9069999999999999:0.3333333333333332
old accuracy=-0.9059999999999999:0.3333333333333332
old accuracy=-0.9049999999999999:0.3333333333333332
old accuracy=-0.9039999999999999:0.3333333333333332
old accuracy=-0.9029999999999999:0.3333333333333332
old accuracy=-0.9019999999999999:0.3333333333333332
old accuracy=-0.9009999999999999:0.3333333333333332
old accuracy=-0.8999999999999999:0.3333333333333332
old accuracy=-0.8989999999999999:0.3333333333333332
old accuracy=-0.8979999999999999:0.3333333333333332
old accuracy=-0.8969999999999999:0.3333333333333332
old accuracy=-0.8959999999999999:0.3333333333333332
old accuracy=-0.8949999999999999:0.3333333333333332
old accuracy=-0.8939999999999999:0.3333333333333332
old accuracy=-0.8929999999999999:0.3333333333333332
old accuracy=-0.8919999999999999:0.3333333333333332
old accuracy=-0.8909999999999999:0.3333333333333332
old accuracy=-0.8899999999999999:0.3333333333333332
old accuracy=-0.8889999999999999:0.3333333333333332
old accuracy=-0.8879999999999999:0.3333333333333332
old accuracy=-0.8869999999999999:0.3333333333333332
old accuracy=-0.8859999999999999:0.3333333333333332
old accuracy=-0.8849999999999999:0.3333333333333332
old accuracy=-0.8839999999999999:0.3333333333333332
old accuracy=-0.8829999999999999:0.3333333333333332
old accuracy=-0.8819999999999999:0.3333333333333332
old accuracy=-0.8809999999999999:0.3333333333333332
old accuracy=-0.8799999999999999:0.3333333333333332
old accuracy=-0.8789999999999999:0.3333333333333332
old accuracy=-0.8779999999999999:0.3333333333333332
old accuracy=-0.8769999999999999:0.3333333333333332
old accuracy=-0.8759999999999999:0.3333333333333332
old accuracy=-0.8749999999999999:0.3333333333333332
old accuracy=-0.8739999999999999:0.3333333333333332
old accuracy=-0.8729999999999999:0.3333333333333332
old accuracy=-0.8719999999999999:0.3333333333333332
old accuracy=-0.8709999999999999:0.3333333333333332
old accuracy=-0.8699999999999999:0.3333333333333332
old accuracy=-0.8689999999999999:0.3333333333333332
old accuracy=-0.8679999999999999:0.3333333333333332
old accuracy=-0.8669999999999999:0.3333333333333332
old accuracy=-0.8659999999999999:0.3333333333333332
old accuracy=-0.8649999999999999:0.3333333333333332
