window=0
1 0.415785541193534 -0.7180795405468836 -0.06718747412852055 0.03224389741541409 -0.4554327725094875 
0.415785541193534 1 -0.14121000009067988 -0.057750511980961074 0.4169564371414956 0.004646806919882891 
-0.7180795405468836 -0.14121000009067988 1 0.05379576367541417 0.3770722787640568 0.8115020288540034 
-0.06718747412852055 -0.057750511980961074 0.05379576367541417 1 -0.31975859513386484 0.024698321983771775 
0.03224389741541409 0.4169564371414956 0.3770722787640568 -0.31975859513386484 1 0.4538082648131621 
-0.4554327725094875 0.004646806919882891 0.8115020288540034 0.024698321983771775 0.4538082648131621 1 

window=1
1 0.7739359876626034 -0.5422448205127945 -0.46277798913666124 -0.4446376560833612 0.14641744289378153 
0.7739359876626034 1 -0.6402202694718662 -0.5679689655342742 -0.48468094601176204 0.19115207408828444 
-0.5422448205127945 -0.6402202694718662 1 0.46866084155176524 0.08090940020378323 -0.2059545072615824 
-0.46277798913666124 -0.5679689655342742 0.46866084155176524 1 0.1937477136574539 0.022102416287124112 
-0.4446376560833612 -0.48468094601176204 0.08090940020378323 0.1937477136574539 1 0.21568443620781352 
0.14641744289378153 0.19115207408828444 -0.2059545072615824 0.022102416287124112 0.21568443620781352 1 

window=2
1 0.4647841995436597 -0.19045827083555972 -0.1151218567577939 -0.4361936233694262 -0.45102646944807756 
0.4647841995436597 1 -0.07039912918156704 -0.13805636100608215 -0.5208160119516176 -0.5435090554541965 
-0.19045827083555972 -0.07039912918156704 1 0.09097244828284398 0.3099907880946148 0.29402275440960646 
-0.1151218567577939 -0.13805636100608215 0.09097244828284398 1 0.25390448030075463 0.31807507188332607 
-0.4361936233694262 -0.5208160119516176 0.3099907880946148 0.25390448030075463 1 0.8279324236037741 
-0.45102646944807756 -0.5435090554541965 0.29402275440960646 0.31807507188332607 0.8279324236037741 1 

window=3
1 0.16579597390673695 -0.037219547556160665 0.41770544202700954 0.2957761905768557 0.11589234297495607 
0.16579597390673695 1 0.02547874073219526 0.43228632190884964 0.3601281175477953 0.05512663780736868 
-0.037219547556160665 0.02547874073219526 1 0.11761641777648496 0.17638177520048262 0.10723486518472751 
0.41770544202700954 0.43228632190884964 0.11761641777648496 1 0.76552754490174 0.40848161744554307 
0.2957761905768557 0.3601281175477953 0.17638177520048262 0.76552754490174 1 0.23502029060081295 
0.11589234297495607 0.05512663780736868 0.10723486518472751 0.40848161744554307 0.23502029060081295 1 

window=4
1 0.39630671913453663 0.13000881313253573 -0.17688995883235092 -0.4843166004157527 -0.3033394336847172 
0.39630671913453663 1 -0.39819805054376844 -0.33443239139982606 0.020046017992860092 -0.09283952279930686 
0.13000881313253573 -0.39819805054376844 1 0.517650243292942 -0.5470968821452407 -0.278160027738374 
-0.17688995883235092 -0.33443239139982606 0.517650243292942 1 -0.36285186086174603 -0.17229910115151822 
-0.4843166004157527 0.020046017992860092 -0.5470968821452407 -0.36285186086174603 1 0.6940261886655984 
-0.3033394336847172 -0.09283952279930686 -0.278160027738374 -0.17229910115151822 0.6940261886655984 1 

window=5
1 0.6391086152455012 0.208977460813618 0.4839457741825713 0.6640360008493783 0.6241761656836613 
0.6391086152455012 1 0.28120147240958965 0.6408290130826478 0.8765513058604967 0.7205838901191509 
0.208977460813618 0.28120147240958965 1 0.3346759945116733 0.30114076267921946 0.2699389702217015 
0.4839457741825713 0.6408290130826478 0.3346759945116733 1 0.7369176588423371 0.8494885397649669 
0.6640360008493783 0.8765513058604967 0.30114076267921946 0.7369176588423371 1 0.8418210020966352 
0.6241761656836613 0.7205838901191509 0.2699389702217015 0.8494885397649669 0.8418210020966352 1 

window=6
1 0.6092893105010629 -0.6085752459774549 0.012881665629228684 -0.5791682362305948 -0.5239960188578829 
0.6092893105010629 1 -0.49600461374152693 0.1260973948046788 -0.3924653409827005 -0.3655002951735306 
-0.6085752459774549 -0.49600461374152693 1 -0.18153035715755567 0.5595748571183902 0.8706723238780403 
0.012881665629228684 0.1260973948046788 -0.18153035715755567 1 -0.007197286526221517 -0.1076144342523778 
-0.5791682362305948 -0.3924653409827005 0.5595748571183902 -0.007197286526221517 1 0.5447471006941096 
-0.5239960188578829 -0.3655002951735306 0.8706723238780403 -0.1076144342523778 0.5447471006941096 1 

window=7
1 0.6779957123029625 -0.29454175724014986 -0.3624728032442046 -0.7568695116780305 0.2272861508962715 
0.6779957123029625 1 -0.4802717973128033 -0.39871203249498477 -0.6289372690191704 0.3192051455967006 
-0.29454175724014986 -0.4802717973128033 1 0.5764201055494111 0.09191325892932418 -0.25514447277488184 
-0.3624728032442046 -0.39871203249498477 0.5764201055494111 1 0.1863108457807779 -0.3833007532850231 
-0.7568695116780305 -0.6289372690191704 0.09191325892932418 0.1863108457807779 1 -0.18358297037619625 
0.2272861508962715 0.3192051455967006 -0.25514447277488184 -0.3833007532850231 -0.18358297037619625 1 

window=8
1 0.8878227733503739 0.7513530924577116 0.38377867823755485 -0.7054279909110448 -0.40118556266853983 
0.8878227733503739 1 0.775996514871616 0.32418483916383584 -0.7257144881094755 -0.3475214963907183 
0.7513530924577116 0.775996514871616 1 0.19000430256688114 -0.5952311678153477 -0.2941585531868816 
0.38377867823755485 0.32418483916383584 0.19000430256688114 1 -0.3310926813954912 -0.157685623376451 
-0.7054279909110448 -0.7257144881094755 -0.5952311678153477 -0.3310926813954912 1 -0.08867278709268585 
-0.40118556266853983 -0.3475214963907183 -0.2941585531868816 -0.157685623376451 -0.08867278709268585 1 

window=9
1 0.3845550429940259 -0.1537276938953024 0.00922972358503242 -0.14394488233898667 -0.2158404216891102 
0.3845550429940259 1 0.392691419456116 0.20087634161220988 -0.424982581368587 -0.1732591410566468 
-0.1537276938953024 0.392691419456116 1 0.4144453465260101 -0.5165222098507436 0.20922263993099255 
0.00922972358503242 0.20087634161220988 0.4144453465260101 1 -0.1926860433551636 0.37311215778754253 
-0.14394488233898667 -0.424982581368587 -0.5165222098507436 -0.1926860433551636 1 0.5406770911158557 
-0.2158404216891102 -0.1732591410566468 0.20922263993099255 0.37311215778754253 0.5406770911158557 1 

window=10
1 0.8876673504270332 -0.7126309099513014 -0.8550928341992251 0.8620552354932707 0.674431050107249 
0.8876673504270332 1 -0.6852294899012846 -0.8692014510516852 0.889684783970632 0.7686085397490658 
-0.7126309099513014 -0.6852294899012846 1 0.7529593296800821 -0.6054059188575839 -0.3592935908796037 
-0.8550928341992251 -0.8692014510516852 0.7529593296800821 1 -0.8555813497013603 -0.574258827016568 
0.8620552354932707 0.889684783970632 -0.6054059188575839 -0.8555813497013603 1 0.7159419459927102 
0.674431050107249 0.7686085397490658 -0.3592935908796037 -0.574258827016568 0.7159419459927102 1 

window=11
1 0.7510701130400936 -0.20124233760396054 -0.23657827216722277 -0.13727797209540188 0.09808890484980747 
0.7510701130400936 1 -0.05885406827748938 -0.38892829829041503 -0.18721634424661324 -0.02295697415796598 
-0.20124233760396054 -0.05885406827748938 1 0.12753059874432554 -0.47363549374453934 -0.5620993025081181 
-0.23657827216722277 -0.38892829829041503 0.12753059874432554 1 -0.10020708814022809 -0.11899069133241603 
-0.13727797209540188 -0.18721634424661324 -0.47363549374453934 -0.10020708814022809 1 0.4437726116217942 
0.09808890484980747 -0.02295697415796598 -0.5620993025081181 -0.11899069133241603 0.4437726116217942 1 

window=12
1 0.9277450197197809 -0.6120945961529091 0.17511521695674545 0.5066430060561663 0.534352255859382 
0.9277450197197809 1 -0.7240326851417731 0.13538923589284588 0.3529963438124512 0.5302652946700228 
-0.6120945961529091 -0.7240326851417731 1 -0.1475469822947707 -0.08662625620478806 -0.34611997335672473 
0.17511521695674545 0.13538923589284588 -0.1475469822947707 1 -0.009088413212940887 0.018400796750421094 
0.5066430060561663 0.3529963438124512 -0.08662625620478806 -0.009088413212940887 1 0.21035910779803732 
0.534352255859382 0.5302652946700228 -0.34611997335672473 0.018400796750421094 0.21035910779803732 1 

window=13
1 0.6212530723475796 -0.732535100611938 0.14918086690299318 0.5245012003366376 0.27329399418288064 
0.6212530723475796 1 -0.6405630908747891 -0.10637021731752187 0.47642020410160835 0.20607897659053792 
-0.732535100611938 -0.6405630908747891 1 -0.11831242357781203 -0.6671204002424821 -0.3921572550380715 
0.14918086690299318 -0.10637021731752187 -0.11831242357781203 1 0.37616146089233393 0.11656042985771481 
0.5245012003366376 0.47642020410160835 -0.6671204002424821 0.37616146089233393 1 0.6428268870566916 
0.27329399418288064 0.20607897659053792 -0.3921572550380715 0.11656042985771481 0.6428268870566916 1 

window=14
1 0.8599175238258036 -0.16369306779982068 -0.5072255897518432 0.8166997125258697 0.7334621655411904 
0.8599175238258036 1 -0.24635995945542707 -0.530876199015347 0.7805173153244078 0.7602382912936059 
-0.16369306779982068 -0.24635995945542707 1 0.1851347619080741 -0.06354124083410417 -0.3562574885482561 
-0.5072255897518432 -0.530876199015347 0.1851347619080741 1 -0.3951293417114592 -0.3779887703209629 
0.8166997125258697 0.7805173153244078 -0.06354124083410417 -0.3951293417114592 1 0.5349829617567893 
0.7334621655411904 0.7602382912936059 -0.3562574885482561 -0.3779887703209629 0.5349829617567893 1 

window=15
1 0.5796975185288047 -0.610288428319015 -0.4006355742536496 0.7110867312472002 -0.03049364489147507 
0.5796975185288047 1 -0.13269558126443512 0.035023675953478904 0.34733174177625636 -0.20739129375012813 
-0.610288428319015 -0.13269558126443512 1 0.6304108483544262 -0.6885808774693113 -0.2804329051818258 
-0.4006355742536496 0.035023675953478904 0.6304108483544262 1 -0.3480265050542371 -0.22380684263376233 
0.7110867312472002 0.34733174177625636 -0.6885808774693113 -0.3480265050542371 1 0.15304473429383847 
-0.03049364489147507 -0.20739129375012813 -0.2804329051818258 -0.22380684263376233 0.15304473429383847 1 

window=16
1 0.8798204475269943 -0.6370329318625668 -0.16736741296368426 -0.025742735451362075 -0.4915898057297692 
0.8798204475269943 1 -0.7837567853439188 -0.13335356345465713 0.16286196947099707 -0.45341956178572845 
-0.6370329318625668 -0.7837567853439188 1 -0.04191791278185075 -0.20125774766940302 0.42248098904051895 
-0.16736741296368426 -0.13335356345465713 -0.04191791278185075 1 0.08181614398176013 0.2429336977317826 
-0.025742735451362075 0.16286196947099707 -0.20125774766940302 0.08181614398176013 1 0.4226362012385481 
-0.4915898057297692 -0.45341956178572845 0.42248098904051895 0.2429336977317826 0.4226362012385481 1 

window=17
1 0.5362034422716171 0.24230465529043482 0.13189166619751205 0.1325191220942332 0.0758779340158107 
0.5362034422716171 1 0.03128506211873529 -0.02551111017848585 0.21436027046676637 0.15865660952121924 
0.24230465529043482 0.03128506211873529 1 0.6979024887595464 -0.6100554233792022 -0.6035287136493087 
0.13189166619751205 -0.02551111017848585 0.6979024887595464 1 -0.34155069297243823 -0.3002192049160031 
0.1325191220942332 0.21436027046676637 -0.6100554233792022 -0.34155069297243823 1 0.3251857762556282 
0.0758779340158107 0.15865660952121924 -0.6035287136493087 -0.3002192049160031 0.3251857762556282 1 

window=18
1 0.9111145917108217 0.8580636520516643 0.5044611012367394 -0.28624917613672085 -0.3439366225572556 
0.9111145917108217 1 0.8103296591733469 0.41321294712007467 -0.33005090941996984 -0.4337914796284642 
0.8580636520516643 0.8103296591733469 1 0.5026305861900486 -0.3212210849184273 -0.3661799564601848 
0.5044611012367394 0.41321294712007467 0.5026305861900486 1 -0.17003231315727765 0.13785495718146146 
-0.28624917613672085 -0.33005090941996984 -0.3212210849184273 -0.17003231315727765 1 0.4651296083568747 
-0.3439366225572556 -0.4337914796284642 -0.3661799564601848 0.13785495718146146 0.4651296083568747 1 

window=19
1 0.534675733283198 -0.35141805894084477 0.04824999521129352 -0.6605685697920998 -0.589398646003665 
0.534675733283198 1 -0.054895577266720216 0.0040259678787586215 -0.40150057856940324 -0.46415835467275784 
-0.35141805894084477 -0.054895577266720216 1 0.0184444346783593 0.8052851542814572 0.23542553685516787 
0.04824999521129352 0.0040259678787586215 0.0184444346783593 1 0.03540062178426906 0.019698132177520956 
-0.6605685697920998 -0.40150057856940324 0.8052851542814572 0.03540062178426906 1 0.4012075151348763 
-0.589398646003665 -0.46415835467275784 0.23542553685516787 0.019698132177520956 0.4012075151348763 1 

final matrix:
1.0 0.6452272344258361 -0.2187537317030349 -0.05174548176342377 -0.005741792895387776 -0.015148049551749473 
0.6452272344258361 1.0 -0.1617854114553225 -0.06196176821534301 0.04007450188932336 0.030510754574319787 
-0.2187537317030349 -0.1617854114553225 1.0 0.259497341811815 -0.13370132139299223 -0.05394933191045274 
-0.05174548176342377 -0.06196176821534301 0.259497341811815 1.0 -0.04017078505405011 0.005762094528304644 
-0.005741792895387776 0.04007450188932336 -0.13370132139299223 -0.04017078505405011 1.0 0.41982741949173336 
-0.015148049551749473 0.030510754574319787 -0.05394933191045274 0.005762094528304644 0.41982741949173336 1.0 

{1: [1, 2], 5: [5, 8], 9: [9, 10]}
new accuracy=1.0
old accuracy=-0.999:0.20000000000000004
old accuracy=-0.998:0.20000000000000004
old accuracy=-0.997:0.20000000000000004
old accuracy=-0.996:0.20000000000000004
old accuracy=-0.995:0.20000000000000004
old accuracy=-0.994:0.20000000000000004
old accuracy=-0.993:0.20000000000000004
old accuracy=-0.992:0.20000000000000004
old accuracy=-0.991:0.20000000000000004
old accuracy=-0.99:0.20000000000000004
old accuracy=-0.989:0.20000000000000004
old accuracy=-0.988:0.20000000000000004
old accuracy=-0.987:0.20000000000000004
old accuracy=-0.986:0.20000000000000004
old accuracy=-0.985:0.20000000000000004
old accuracy=-0.984:0.20000000000000004
old accuracy=-0.983:0.20000000000000004
old accuracy=-0.982:0.20000000000000004
old accuracy=-0.981:0.20000000000000004
old accuracy=-0.98:0.20000000000000004
old accuracy=-0.979:0.20000000000000004
old accuracy=-0.978:0.20000000000000004
old accuracy=-0.977:0.20000000000000004
old accuracy=-0.976:0.20000000000000004
old accuracy=-0.975:0.20000000000000004
old accuracy=-0.974:0.20000000000000004
old accuracy=-0.973:0.20000000000000004
old accuracy=-0.972:0.20000000000000004
old accuracy=-0.971:0.20000000000000004
old accuracy=-0.97:0.20000000000000004
old accuracy=-0.969:0.20000000000000004
old accuracy=-0.968:0.20000000000000004
old accuracy=-0.967:0.20000000000000004
old accuracy=-0.966:0.20000000000000004
old accuracy=-0.965:0.20000000000000004
old accuracy=-0.964:0.20000000000000004
old accuracy=-0.963:0.20000000000000004
old accuracy=-0.962:0.20000000000000004
old accuracy=-0.961:0.20000000000000004
old accuracy=-0.96:0.20000000000000004
old accuracy=-0.959:0.20000000000000004
old accuracy=-0.958:0.20000000000000004
old accuracy=-0.957:0.20000000000000004
old accuracy=-0.956:0.20000000000000004
old accuracy=-0.955:0.20000000000000004
old accuracy=-0.954:0.20000000000000004
old accuracy=-0.953:0.20000000000000004
old accuracy=-0.952:0.20000000000000004
old accuracy=-0.951:0.20000000000000004
old accuracy=-0.95:0.20000000000000004
old accuracy=-0.949:0.20000000000000004
old accuracy=-0.948:0.20000000000000004
old accuracy=-0.947:0.20000000000000004
old accuracy=-0.946:0.20000000000000004
old accuracy=-0.945:0.20000000000000004
old accuracy=-0.944:0.20000000000000004
old accuracy=-0.943:0.20000000000000004
old accuracy=-0.942:0.20000000000000004
old accuracy=-0.941:0.20000000000000004
old accuracy=-0.94:0.20000000000000004
old accuracy=-0.939:0.20000000000000004
old accuracy=-0.938:0.20000000000000004
old accuracy=-0.9369999999999999:0.20000000000000004
old accuracy=-0.9359999999999999:0.20000000000000004
old accuracy=-0.9349999999999999:0.20000000000000004
old accuracy=-0.9339999999999999:0.20000000000000004
old accuracy=-0.9329999999999999:0.20000000000000004
old accuracy=-0.9319999999999999:0.20000000000000004
old accuracy=-0.9309999999999999:0.20000000000000004
old accuracy=-0.9299999999999999:0.20000000000000004
old accuracy=-0.9289999999999999:0.20000000000000004
old accuracy=-0.9279999999999999:0.20000000000000004
old accuracy=-0.9269999999999999:0.20000000000000004
old accuracy=-0.9259999999999999:0.20000000000000004
old accuracy=-0.9249999999999999:0.20000000000000004
old accuracy=-0.9239999999999999:0.20000000000000004
old accuracy=-0.9229999999999999:0.20000000000000004
old accuracy=-0.9219999999999999:0.20000000000000004
old accuracy=-0.9209999999999999:0.20000000000000004
old accuracy=-0.9199999999999999:0.20000000000000004
old accuracy=-0.9189999999999999:0.20000000000000004
old accuracy=-0.9179999999999999:0.20000000000000004
old accuracy=-0.9169999999999999:0.20000000000000004
old accuracy=-0.9159999999999999:0.20000000000000004
old accuracy=-0.9149999999999999:0.20000000000000004
old accuracy=-0.9139999999999999:0.20000000000000004
old accuracy=-0.9129999999999999:0.20000000000000004
old accuracy=-0.9119999999999999:0.20000000000000004
old accuracy=-0.9109999999999999:0.20000000000000004
old accuracy=-0.9099999999999999:0.20000000000000004
old accuracy=-0.9089999999999999:0.20000000000000004
old accuracy=-0.9079999999999999:0.20000000000000004
old accuracy=-0.9069999999999999:0.20000000000000004
old accuracy=-0.9059999999999999:0.20000000000000004
old accuracy=-0.9049999999999999:0.20000000000000004
old accuracy=-0.9039999999999999:0.20000000000000004
old accuracy=-0.9029999999999999:0.20000000000000004
old accuracy=-0.9019999999999999:0.20000000000000004
old accuracy=-0.9009999999999999:0.20000000000000004
old accuracy=-0.8999999999999999:0.20000000000000004
old accuracy=-0.8989999999999999:0.20000000000000004
old accuracy=-0.8979999999999999:0.20000000000000004
old accuracy=-0.8969999999999999:0.20000000000000004
old accuracy=-0.8959999999999999:0.20000000000000004
old accuracy=-0.8949999999999999:0.20000000000000004
old accuracy=-0.8939999999999999:0.20000000000000004
old accuracy=-0.8929999999999999:0.20000000000000004
old accuracy=-0.8919999999999999:0.20000000000000004
old accuracy=-0.8909999999999999:0.20000000000000004
old accuracy=-0.8899999999999999:0.20000000000000004
old accuracy=-0.8889999999999999:0.20000000000000004
old accuracy=-0.8879999999999999:0.20000000000000004
old accuracy=-0.8869999999999999:0.20000000000000004
old accuracy=-0.8859999999999999:0.20000000000000004
old accuracy=-0.8849999999999999:0.20000000000000004
old accuracy=-0.8839999999999999:0.20000000000000004
old accuracy=-0.8829999999999999:0.20000000000000004
old accuracy=-0.8819999999999999:0.20000000000000004
old accuracy=-0.8809999999999999:0.20000000000000004
old accuracy=-0.8799999999999999:0.20000000000000004
old accuracy=-0.8789999999999999:0.20000000000000004
old accuracy=-0.8779999999999999:0.20000000000000004
old accuracy=-0.8769999999999999:0.20000000000000004
old accuracy=-0.8759999999999999:0.20000000000000004
old accuracy=-0.8749999999999999:0.20000000000000004
old accuracy=-0.8739999999999999:0.20000000000000004
old accuracy=-0.8729999999999999:0.20000000000000004
old accuracy=-0.8719999999999999:0.20000000000000004
old accuracy=-0.8709999999999999:0.20000000000000004
old accuracy=-0.8699999999999999:0.20000000000000004
old accuracy=-0.8689999999999999:0.20000000000000004
old accuracy=-0.8679999999999999:0.20333333333333342
old accuracy=-0.8669999999999999:0.20333333333333342
old accuracy=-0.8659999999999999:0.20333333333333342
old accuracy=-0.8649999999999999:0.20333333333333342
old accuracy=-0.8639999999999999:0.20333333333333342
old accuracy=-0.8629999999999999:0.20333333333333342
old accuracy=-0.8619999999999999:0.20333333333333342
old accuracy=-0.8609999999999999:0.20333333333333342
old accuracy=-0.8599999999999999:0.20333333333333342
old accuracy=-0.8589999999999999:0.20333333333333342
old accuracy=-0.8579999999999999:0.20333333333333342
old accuracy=-0.8569999999999999:0.20333333333333342
old accuracy=-0.8559999999999999:0.20333333333333342
old accuracy=-0.8549999999999999:0.20333333333333342
old accuracy=-0.8539999999999999:0.21000000000000005
old accuracy=-0.8529999999999999:0.21000000000000005
old accuracy=-0.8519999999999999:0.21000000000000005
old accuracy=-0.8509999999999999:0.21000000000000005
old accuracy=-0.8499999999999999:0.21000000000000005
old accuracy=-0.8489999999999999:0.21000000000000005
old accuracy=-0.8479999999999999:0.21000000000000005
old accuracy=-0.8469999999999999:0.21000000000000005
old accuracy=-0.8459999999999999:0.21000000000000005
old accuracy=-0.8449999999999999:0.21000000000000005
old accuracy=-0.8439999999999999:0.21000000000000005
old accuracy=-0.8429999999999999:0.21000000000000005
old accuracy=-0.8419999999999999:0.21000000000000005
old accuracy=-0.8409999999999999:0.21000000000000005
old accuracy=-0.8399999999999999:0.21000000000000005
old accuracy=-0.8389999999999999:0.21000000000000005
old accuracy=-0.8379999999999999:0.21000000000000005
old accuracy=-0.8369999999999999:0.21000000000000005
old accuracy=-0.8359999999999999:0.21000000000000005
old accuracy=-0.8349999999999999:0.21000000000000005
old accuracy=-0.8339999999999999:0.21000000000000005
old accuracy=-0.8329999999999999:0.21000000000000005
old accuracy=-0.8319999999999999:0.21000000000000005
old accuracy=-0.8309999999999998:0.21000000000000005
old accuracy=-0.8299999999999998:0.21000000000000005
old accuracy=-0.8289999999999998:0.21000000000000005
old accuracy=-0.8279999999999998:0.21000000000000005
old accuracy=-0.8269999999999998:0.21000000000000005
old accuracy=-0.8259999999999998:0.21000000000000005
old accuracy=-0.8249999999999998:0.21000000000000005
old accuracy=-0.8239999999999998:0.21000000000000005
old accuracy=-0.8229999999999998:0.21000000000000005
old accuracy=-0.8219999999999998:0.21000000000000005
old accuracy=-0.8209999999999998:0.21000000000000005
old accuracy=-0.8199999999999998:0.21000000000000005
old accuracy=-0.8189999999999998:0.21000000000000005
old accuracy=-0.8179999999999998:0.21000000000000005
old accuracy=-0.8169999999999998:0.21000000000000005
old accuracy=-0.8159999999999998:0.21000000000000005
old accuracy=-0.8149999999999998:0.21000000000000005
old accuracy=-0.8139999999999998:0.21000000000000005
old accuracy=-0.8129999999999998:0.21000000000000005
old accuracy=-0.8119999999999998:0.21000000000000005
old accuracy=-0.8109999999999998:0.21000000000000005
old accuracy=-0.8099999999999998:0.21000000000000005
old accuracy=-0.8089999999999998:0.21000000000000005
old accuracy=-0.8079999999999998:0.21000000000000005
old accuracy=-0.8069999999999998:0.21000000000000005
old accuracy=-0.8059999999999998:0.21000000000000005
old accuracy=-0.8049999999999998:0.21000000000000005
old accuracy=-0.8039999999999998:0.21000000000000005
old accuracy=-0.8029999999999998:0.21000000000000005
old accuracy=-0.8019999999999998:0.21000000000000005
old accuracy=-0.8009999999999998:0.21000000000000005
old accuracy=-0.7999999999999998:0.21000000000000005
old accuracy=-0.7989999999999998:0.21000000000000005
old accuracy=-0.7979999999999998:0.21000000000000005
old accuracy=-0.7969999999999998:0.21000000000000005
old accuracy=-0.7959999999999998:0.21000000000000005
old accuracy=-0.7949999999999998:0.21000000000000005
old accuracy=-0.7939999999999998:0.21000000000000005
old accuracy=-0.7929999999999998:0.21000000000000005
old accuracy=-0.7919999999999998:0.21000000000000005
old accuracy=-0.7909999999999998:0.21000000000000005
old accuracy=-0.7899999999999998:0.21000000000000005
old accuracy=-0.7889999999999998:0.21000000000000005
old accuracy=-0.7879999999999998:0.21000000000000005
old accuracy=-0.7869999999999998:0.21000000000000005
old accuracy=-0.7859999999999998:0.21000000000000005
old accuracy=-0.7849999999999998:0.21000000000000005
old accuracy=-0.7839999999999998:0.21000000000000005
old accuracy=-0.7829999999999998:0.21000000000000005
old accuracy=-0.7819999999999998:0.21333333333333337
old accuracy=-0.7809999999999998:0.21333333333333337
old accuracy=-0.7799999999999998:0.21333333333333337
old accuracy=-0.7789999999999998:0.21333333333333337
old accuracy=-0.7779999999999998:0.21333333333333337
old accuracy=-0.7769999999999998:0.21333333333333337
old accuracy=-0.7759999999999998:0.21333333333333337
old accuracy=-0.7749999999999998:0.21333333333333337
old accuracy=-0.7739999999999998:0.21333333333333337
old accuracy=-0.7729999999999998:0.21333333333333337
old accuracy=-0.7719999999999998:0.21333333333333337
old accuracy=-0.7709999999999998:0.21333333333333337
old accuracy=-0.7699999999999998:0.21333333333333337
old accuracy=-0.7689999999999998:0.21333333333333337
old accuracy=-0.7679999999999998:0.21333333333333337
old accuracy=-0.7669999999999998:0.21333333333333337
old accuracy=-0.7659999999999998:0.21333333333333337
old accuracy=-0.7649999999999998:0.21333333333333337
old accuracy=-0.7639999999999998:0.21333333333333337
old accuracy=-0.7629999999999998:0.21333333333333337
old accuracy=-0.7619999999999998:0.21333333333333337
old accuracy=-0.7609999999999998:0.21333333333333337
old accuracy=-0.7599999999999998:0.21333333333333337
old accuracy=-0.7589999999999998:0.21333333333333337
old accuracy=-0.7579999999999998:0.21333333333333337
old accuracy=-0.7569999999999998:0.21333333333333337
old accuracy=-0.7559999999999998:0.21333333333333337
old accuracy=-0.7549999999999998:0.2166666666666667
old accuracy=-0.7539999999999998:0.2166666666666667
old accuracy=-0.7529999999999998:0.2166666666666667
old accuracy=-0.7519999999999998:0.2166666666666667
old accuracy=-0.7509999999999998:0.2166666666666667
old accuracy=-0.7499999999999998:0.2166666666666667
old accuracy=-0.7489999999999998:0.2166666666666667
old accuracy=-0.7479999999999998:0.2166666666666667
old accuracy=-0.7469999999999998:0.2166666666666667
old accuracy=-0.7459999999999998:0.2166666666666667
old accuracy=-0.7449999999999998:0.2166666666666667
old accuracy=-0.7439999999999998:0.2166666666666667
old accuracy=-0.7429999999999998:0.2166666666666667
old accuracy=-0.7419999999999998:0.2166666666666667
old accuracy=-0.7409999999999998:0.2166666666666667
old accuracy=-0.7399999999999998:0.2166666666666667
old accuracy=-0.7389999999999998:0.2166666666666667
old accuracy=-0.7379999999999998:0.2166666666666667
old accuracy=-0.7369999999999998:0.2166666666666667
old accuracy=-0.7359999999999998:0.2166666666666667
old accuracy=-0.7349999999999998:0.2166666666666667
old accuracy=-0.7339999999999998:0.2166666666666667
old accuracy=-0.7329999999999998:0.2166666666666667
old accuracy=-0.7319999999999998:0.2166666666666667
old accuracy=-0.7309999999999998:0.22000000000000003
old accuracy=-0.7299999999999998:0.22000000000000003
old accuracy=-0.7289999999999998:0.22000000000000003
old accuracy=-0.7279999999999998:0.22000000000000003
old accuracy=-0.7269999999999998:0.22000000000000003
old accuracy=-0.7259999999999998:0.22000000000000003
old accuracy=-0.7249999999999998:0.22000000000000003
old accuracy=-0.7239999999999998:0.22333333333333338
old accuracy=-0.7229999999999998:0.2266666666666667
old accuracy=-0.7219999999999998:0.2266666666666667
old accuracy=-0.7209999999999998:0.2266666666666667
old accuracy=-0.7199999999999998:0.2266666666666667
old accuracy=-0.7189999999999998:0.2266666666666667
old accuracy=-0.7179999999999997:0.2266666666666667
old accuracy=-0.7169999999999997:0.23000000000000004
old accuracy=-0.7159999999999997:0.23000000000000004
old accuracy=-0.7149999999999997:0.23000000000000004
old accuracy=-0.7139999999999997:0.23000000000000004
old accuracy=-0.7129999999999997:0.23000000000000004
old accuracy=-0.7119999999999997:0.23000000000000004
old accuracy=-0.7109999999999997:0.2333333333333334
old accuracy=-0.7099999999999997:0.2333333333333334
old accuracy=-0.7089999999999997:0.2333333333333334
old accuracy=-0.7079999999999997:0.2333333333333334
old accuracy=-0.7069999999999997:0.2333333333333334
old accuracy=-0.7059999999999997:0.2333333333333334
old accuracy=-0.7049999999999997:0.2333333333333334
old accuracy=-0.7039999999999997:0.23666666666666672
old accuracy=-0.7029999999999997:0.23666666666666672
old accuracy=-0.7019999999999997:0.23666666666666672
old accuracy=-0.7009999999999997:0.23666666666666672
old accuracy=-0.6999999999999997:0.23666666666666672
old accuracy=-0.6989999999999997:0.23666666666666672
old accuracy=-0.6979999999999997:0.23666666666666672
old accuracy=-0.6969999999999997:0.23666666666666672
old accuracy=-0.6959999999999997:0.23666666666666672
old accuracy=-0.6949999999999997:0.23666666666666672
old accuracy=-0.6939999999999997:0.23666666666666672
old accuracy=-0.6929999999999997:0.23666666666666672
old accuracy=-0.6919999999999997:0.23666666666666672
old accuracy=-0.6909999999999997:0.23666666666666672
old accuracy=-0.6899999999999997:0.23666666666666672
old accuracy=-0.6889999999999997:0.23666666666666672
old accuracy=-0.6879999999999997:0.23666666666666672
old accuracy=-0.6869999999999997:0.24000000000000005
old accuracy=-0.6859999999999997:0.24000000000000005
old accuracy=-0.6849999999999997:0.24000000000000005
old accuracy=-0.6839999999999997:0.24333333333333335
old accuracy=-0.6829999999999997:0.24333333333333335
old accuracy=-0.6819999999999997:0.24333333333333335
old accuracy=-0.6809999999999997:0.24333333333333335
old accuracy=-0.6799999999999997:0.24333333333333335
old accuracy=-0.6789999999999997:0.24333333333333335
old accuracy=-0.6779999999999997:0.24333333333333335
old accuracy=-0.6769999999999997:0.24333333333333335
old accuracy=-0.6759999999999997:0.24333333333333335
old accuracy=-0.6749999999999997:0.24333333333333335
old accuracy=-0.6739999999999997:0.24333333333333335
old accuracy=-0.6729999999999997:0.24333333333333335
old accuracy=-0.6719999999999997:0.24333333333333335
old accuracy=-0.6709999999999997:0.24333333333333335
old accuracy=-0.6699999999999997:0.24333333333333335
old accuracy=-0.6689999999999997:0.24333333333333335
old accuracy=-0.6679999999999997:0.24333333333333335
old accuracy=-0.6669999999999997:0.24333333333333335
old accuracy=-0.6659999999999997:0.24666666666666673
old accuracy=-0.6649999999999997:0.24666666666666673
old accuracy=-0.6639999999999997:0.24666666666666673
old accuracy=-0.6629999999999997:0.24666666666666673
old accuracy=-0.6619999999999997:0.24666666666666673
old accuracy=-0.6609999999999997:0.24666666666666673
old accuracy=-0.6599999999999997:0.24666666666666673
old accuracy=-0.6589999999999997:0.25000000000000006
old accuracy=-0.6579999999999997:0.25000000000000006
old accuracy=-0.6569999999999997:0.25000000000000006
old accuracy=-0.6559999999999997:0.25000000000000006
old accuracy=-0.6549999999999997:0.25000000000000006
old accuracy=-0.6539999999999997:0.25000000000000006
old accuracy=-0.6529999999999997:0.25000000000000006
old accuracy=-0.6519999999999997:0.25000000000000006
old accuracy=-0.6509999999999997:0.25000000000000006
old accuracy=-0.6499999999999997:0.25000000000000006
old accuracy=-0.6489999999999997:0.25000000000000006
old accuracy=-0.6479999999999997:0.25000000000000006
old accuracy=-0.6469999999999997:0.25000000000000006
old accuracy=-0.6459999999999997:0.25000000000000006
old accuracy=-0.6449999999999997:0.25000000000000006
old accuracy=-0.6439999999999997:0.25000000000000006
old accuracy=-0.6429999999999997:0.25000000000000006
old accuracy=-0.6419999999999997:0.25000000000000006
old accuracy=-0.6409999999999997:0.25000000000000006
old accuracy=-0.6399999999999997:0.25000000000000006
old accuracy=-0.6389999999999997:0.2566666666666667
old accuracy=-0.6379999999999997:0.2566666666666667
old accuracy=-0.6369999999999997:0.2566666666666667
old accuracy=-0.6359999999999997:0.26
old accuracy=-0.6349999999999997:0.26
old accuracy=-0.6339999999999997:0.26
old accuracy=-0.6329999999999997:0.26
old accuracy=-0.6319999999999997:0.26
old accuracy=-0.6309999999999997:0.26
old accuracy=-0.6299999999999997:0.26
old accuracy=-0.6289999999999997:0.26
old accuracy=-0.6279999999999997:0.26
old accuracy=-0.6269999999999997:0.2633333333333333
old accuracy=-0.6259999999999997:0.2633333333333333
old accuracy=-0.6249999999999997:0.2633333333333333
old accuracy=-0.6239999999999997:0.2633333333333333
old accuracy=-0.6229999999999997:0.2633333333333333
old accuracy=-0.6219999999999997:0.2633333333333333
old accuracy=-0.6209999999999997:0.2633333333333333
old accuracy=-0.6199999999999997:0.2633333333333333
old accuracy=-0.6189999999999997:0.2633333333333333
old accuracy=-0.6179999999999997:0.2633333333333333
old accuracy=-0.6169999999999997:0.2633333333333333
old accuracy=-0.6159999999999997:0.2633333333333333
old accuracy=-0.6149999999999997:0.2633333333333333
old accuracy=-0.6139999999999997:0.2633333333333333
old accuracy=-0.6129999999999997:0.2633333333333333
old accuracy=-0.6119999999999997:0.2633333333333333
old accuracy=-0.6109999999999997:0.26666666666666666
old accuracy=-0.6099999999999997:0.26666666666666666
old accuracy=-0.6089999999999997:0.2733333333333333
old accuracy=-0.6079999999999997:0.2733333333333333
old accuracy=-0.6069999999999997:0.27666666666666667
old accuracy=-0.6059999999999997:0.27666666666666667
old accuracy=-0.6049999999999996:0.27666666666666667
old accuracy=-0.6039999999999996:0.28
old accuracy=-0.6029999999999996:0.28
old accuracy=-0.6019999999999996:0.2833333333333333
old accuracy=-0.6009999999999996:0.2833333333333333
old accuracy=-0.5999999999999996:0.2833333333333333
old accuracy=-0.5989999999999996:0.2833333333333333
old accuracy=-0.5979999999999996:0.2833333333333333
old accuracy=-0.5969999999999996:0.2833333333333333
old accuracy=-0.5959999999999996:0.2833333333333333
old accuracy=-0.5949999999999996:0.2833333333333333
old accuracy=-0.5939999999999996:0.2866666666666667
old accuracy=-0.5929999999999996:0.2866666666666667
old accuracy=-0.5919999999999996:0.2866666666666667
old accuracy=-0.5909999999999996:0.2866666666666667
old accuracy=-0.5899999999999996:0.2866666666666667
old accuracy=-0.5889999999999996:0.2866666666666667
old accuracy=-0.5879999999999996:0.29
old accuracy=-0.5869999999999996:0.29
old accuracy=-0.5859999999999996:0.29
old accuracy=-0.5849999999999996:0.29
old accuracy=-0.5839999999999996:0.29
old accuracy=-0.5829999999999996:0.29
old accuracy=-0.5819999999999996:0.29
old accuracy=-0.5809999999999996:0.29
old accuracy=-0.5799999999999996:0.29
old accuracy=-0.5789999999999996:0.29
old accuracy=-0.5779999999999996:0.29333333333333333
old accuracy=-0.5769999999999996:0.29333333333333333
old accuracy=-0.5759999999999996:0.29333333333333333
old accuracy=-0.5749999999999996:0.29333333333333333
old accuracy=-0.5739999999999996:0.29333333333333333
old accuracy=-0.5729999999999996:0.29666666666666663
old accuracy=-0.5719999999999996:0.29666666666666663
old accuracy=-0.5709999999999996:0.29666666666666663
old accuracy=-0.5699999999999996:0.29666666666666663
old accuracy=-0.5689999999999996:0.29666666666666663
old accuracy=-0.5679999999999996:0.29666666666666663
old accuracy=-0.5669999999999996:0.29666666666666663
old accuracy=-0.5659999999999996:0.29999999999999993
old accuracy=-0.5649999999999996:0.29999999999999993
old accuracy=-0.5639999999999996:0.29999999999999993
old accuracy=-0.5629999999999996:0.29999999999999993
old accuracy=-0.5619999999999996:0.29999999999999993
old accuracy=-0.5609999999999996:0.3033333333333333
old accuracy=-0.5599999999999996:0.3033333333333333
old accuracy=-0.5589999999999996:0.3033333333333333
old accuracy=-0.5579999999999996:0.3033333333333333
old accuracy=-0.5569999999999996:0.3033333333333333
old accuracy=-0.5559999999999996:0.3033333333333333
old accuracy=-0.5549999999999996:0.3033333333333333
old accuracy=-0.5539999999999996:0.3033333333333333
old accuracy=-0.5529999999999996:0.3033333333333333
old accuracy=-0.5519999999999996:0.3033333333333333
old accuracy=-0.5509999999999996:0.3033333333333333
old accuracy=-0.5499999999999996:0.3033333333333333
old accuracy=-0.5489999999999996:0.3033333333333333
old accuracy=-0.5479999999999996:0.3033333333333333
old accuracy=-0.5469999999999996:0.3033333333333333
old accuracy=-0.5459999999999996:0.30666666666666664
old accuracy=-0.5449999999999996:0.30666666666666664
old accuracy=-0.5439999999999996:0.30666666666666664
old accuracy=-0.5429999999999996:0.30666666666666664
old accuracy=-0.5419999999999996:0.30999999999999994
old accuracy=-0.5409999999999996:0.3133333333333333
old accuracy=-0.5399999999999996:0.3133333333333333
old accuracy=-0.5389999999999996:0.3133333333333333
old accuracy=-0.5379999999999996:0.3133333333333333
old accuracy=-0.5369999999999996:0.3133333333333333
old accuracy=-0.5359999999999996:0.3133333333333333
old accuracy=-0.5349999999999996:0.3133333333333333
old accuracy=-0.5339999999999996:0.3133333333333333
old accuracy=-0.5329999999999996:0.3133333333333333
old accuracy=-0.5319999999999996:0.3133333333333333
old accuracy=-0.5309999999999996:0.3133333333333333
old accuracy=-0.5299999999999996:0.3133333333333333
old accuracy=-0.5289999999999996:0.3166666666666666
old accuracy=-0.5279999999999996:0.3166666666666666
old accuracy=-0.5269999999999996:0.3166666666666666
old accuracy=-0.5259999999999996:0.3166666666666666
old accuracy=-0.5249999999999996:0.3166666666666666
old accuracy=-0.5239999999999996:0.3166666666666666
old accuracy=-0.5229999999999996:0.3166666666666666
old accuracy=-0.5219999999999996:0.31999999999999995
old accuracy=-0.5209999999999996:0.31999999999999995
old accuracy=-0.5199999999999996:0.31999999999999995
old accuracy=-0.5189999999999996:0.3233333333333333
old accuracy=-0.5179999999999996:0.3233333333333333
old accuracy=-0.5169999999999996:0.3233333333333333
old accuracy=-0.5159999999999996:0.3233333333333333
old accuracy=-0.5149999999999996:0.3266666666666666
old accuracy=-0.5139999999999996:0.3266666666666666
old accuracy=-0.5129999999999996:0.3266666666666666
old accuracy=-0.5119999999999996:0.3266666666666666
old accuracy=-0.5109999999999996:0.3266666666666666
old accuracy=-0.5099999999999996:0.3266666666666666
old accuracy=-0.5089999999999996:0.3266666666666666
old accuracy=-0.5079999999999996:0.3266666666666666
old accuracy=-0.5069999999999996:0.3266666666666666
old accuracy=-0.5059999999999996:0.32999999999999996
old accuracy=-0.5049999999999996:0.32999999999999996
old accuracy=-0.5039999999999996:0.32999999999999996
old accuracy=-0.5029999999999996:0.32999999999999996
old accuracy=-0.5019999999999996:0.32999999999999996
old accuracy=-0.5009999999999996:0.32999999999999996
old accuracy=-0.49999999999999956:0.32999999999999996
old accuracy=-0.49899999999999956:0.32999999999999996
old accuracy=-0.49799999999999955:0.32999999999999996
old accuracy=-0.49699999999999955:0.32999999999999996
old accuracy=-0.49599999999999955:0.32999999999999996
old accuracy=-0.49499999999999955:0.33333333333333326
old accuracy=-0.49399999999999955:0.33333333333333326
old accuracy=-0.49299999999999955:0.33333333333333326
old accuracy=-0.49199999999999955:0.33333333333333326
old accuracy=-0.49099999999999955:0.33333333333333326
old accuracy=-0.48999999999999955:0.3366666666666666
old accuracy=-0.48899999999999955:0.3366666666666666
old accuracy=-0.48799999999999955:0.3366666666666666
old accuracy=-0.48699999999999954:0.3366666666666666
old accuracy=-0.48599999999999954:0.3366666666666666
old accuracy=-0.48499999999999954:0.3366666666666666
old accuracy=-0.48399999999999954:0.3366666666666666
old accuracy=-0.48299999999999954:0.3433333333333333
old accuracy=-0.48199999999999954:0.3433333333333333
old accuracy=-0.48099999999999954:0.3433333333333333
old accuracy=-0.47999999999999954:0.3433333333333333
old accuracy=-0.47899999999999954:0.3466666666666666
old accuracy=-0.47799999999999954:0.3466666666666666
old accuracy=-0.47699999999999954:0.3466666666666666
old accuracy=-0.47599999999999953:0.3466666666666666
old accuracy=-0.47499999999999953:0.3466666666666666
old accuracy=-0.47399999999999953:0.3466666666666666
old accuracy=-0.47299999999999953:0.3466666666666666
old accuracy=-0.47199999999999953:0.35
old accuracy=-0.47099999999999953:0.35
