window=0
1 0.18931362821107778 0.051802993317073234 -0.042757503685387666 -0.10590992748141012 -0.03524463214867491 
0.18931362821107778 1 -0.014881334221545847 -0.08596894849693033 0.004252586091568317 0.0171189095433209 
0.051802993317073234 -0.014881334221545847 1 0.00618131528919615 0.09502922007749556 -0.08165636128876204 
-0.042757503685387666 -0.08596894849693033 0.00618131528919615 1 0.0669031242337858 -0.0993505288273501 
-0.10590992748141012 0.004252586091568317 0.09502922007749556 0.0669031242337858 1 0.02889387952264219 
-0.03524463214867491 0.0171189095433209 -0.08165636128876204 -0.0993505288273501 0.02889387952264219 1 

window=1
1 -0.05101601668947221 -0.156083453254332 -0.01408645159075414 0.02750737465782947 -0.07404871958897859 
-0.05101601668947221 1 0.11173118461945472 0.07786876120902173 -0.03387871573288979 -0.1734419256662696 
-0.156083453254332 0.11173118461945472 1 0.07164130209948481 -0.30137279863351996 -0.05793487295221024 
-0.01408645159075414 0.07786876120902173 0.07164130209948481 1 0.08847913958865583 -0.34253336158248676 
0.02750737465782947 -0.03387871573288979 -0.30137279863351996 0.08847913958865583 1 0.028046387933419147 
-0.07404871958897859 -0.1734419256662696 -0.05793487295221024 -0.34253336158248676 0.028046387933419147 1 

window=2
1 -0.1444945305364485 0.044551097368683366 -0.0007825414457720989 0.059129454242149174 -0.05247210047128348 
-0.1444945305364485 1 0.015503734194726105 0.14096337662082178 0.0014821403391387016 -0.031891358428998776 
0.044551097368683366 0.015503734194726105 1 -0.08206748853833234 -0.012233820772262555 -0.03963127765711565 
-0.0007825414457720989 0.14096337662082178 -0.08206748853833234 1 -0.04973807736714931 -0.2790808072579331 
0.059129454242149174 0.0014821403391387016 -0.012233820772262555 -0.04973807736714931 1 -0.024859454748255665 
-0.05247210047128348 -0.031891358428998776 -0.03963127765711565 -0.2790808072579331 -0.024859454748255665 1 

window=3
1 -0.2651912664427055 0.038121972014346195 -0.005829963655433283 0.0036739637056443595 0.022952163207753264 
-0.2651912664427055 1 0.025652507272362367 0.12489992245453711 0.05635128392383753 -0.061030433415364196 
0.038121972014346195 0.025652507272362367 1 -0.04808093122658817 0.02365115152619676 -0.13264485961475386 
-0.005829963655433283 0.12489992245453711 -0.04808093122658817 1 0.020368009719287348 -0.08611568096879056 
0.0036739637056443595 0.05635128392383753 0.02365115152619676 0.020368009719287348 1 -0.0065665858888633985 
0.022952163207753264 -0.061030433415364196 -0.13264485961475386 -0.08611568096879056 -0.0065665858888633985 1 

window=4
1 0.021294593602959433 -0.1414024846902466 0.10563897493729349 0.08413768877538176 -0.10796261748108095 
0.021294593602959433 1 -0.04709732000498965 0.0774892547729437 0.136127934872882 -0.08686074741997743 
-0.1414024846902466 -0.04709732000498965 1 -0.06031206406345863 -0.22457449005431035 -0.038555466011154664 
0.10563897493729349 0.0774892547729437 -0.06031206406345863 1 0.09781925328589831 0.1060601011184245 
0.08413768877538176 0.136127934872882 -0.22457449005431035 0.09781925328589831 1 -0.07710617777040302 
-0.10796261748108095 -0.08686074741997743 -0.038555466011154664 0.1060601011184245 -0.07710617777040302 1 

window=5
1 0.2284791083110993 -0.03858537817639317 0.07763253757852949 0.14463324595105284 -0.0681585599367062 
0.2284791083110993 1 -0.00624566602355979 0.1042642098268482 0.040197338408480526 0.019781431247734165 
-0.03858537817639317 -0.00624566602355979 1 -0.023257081544251802 0.07994752206765006 0.03638256280912599 
0.07763253757852949 0.1042642098268482 -0.023257081544251802 1 -0.03695473863799702 0.23793201136602754 
0.14463324595105284 0.040197338408480526 0.07994752206765006 -0.03695473863799702 1 -0.08829072246572019 
-0.0681585599367062 0.019781431247734165 0.03638256280912599 0.23793201136602754 -0.08829072246572019 1 

window=6
1 0.2131449753720573 -0.12439284233602353 -0.03904775023553375 0.020886863790867266 -0.044558209968142554 
0.2131449753720573 1 -0.05920704067794153 -0.06536683587906207 0.14434502699839863 -0.15470491002336983 
-0.12439284233602353 -0.05920704067794153 1 0.04280010494349835 0.1238822573730723 0.07090502658793303 
-0.03904775023553375 -0.06536683587906207 0.04280010494349835 1 0.00433484639211624 -0.03195275103724984 
0.020886863790867266 0.14434502699839863 0.1238822573730723 0.00433484639211624 1 -0.0467326202601644 
-0.044558209968142554 -0.15470491002336983 0.07090502658793303 -0.03195275103724984 -0.0467326202601644 1 

window=7
1 0.2917848149912299 -0.14077971201371098 0.07843802046958677 -0.033383173195776085 -0.11657747476853286 
0.2917848149912299 1 -0.062351876201293545 0.10372180319476663 -0.043921676360304265 0.048552565083724394 
-0.14077971201371098 -0.062351876201293545 1 0.07478351776606108 -0.04917616296140151 -0.10923893418270439 
0.07843802046958677 0.10372180319476663 0.07478351776606108 1 0.019672011887077165 -0.22875382696434443 
-0.033383173195776085 -0.043921676360304265 -0.04917616296140151 0.019672011887077165 1 0.042940225024847394 
-0.11657747476853286 0.048552565083724394 -0.10923893418270439 -0.22875382696434443 0.042940225024847394 1 

window=8
1 0.09868397982414503 0.054720002740232435 -0.032130324551669955 0.03371786322262228 -0.2254993894518455 
0.09868397982414503 1 -0.05341381107850661 -0.009437150268966282 -0.09496635651987241 -0.15533929822302062 
0.054720002740232435 -0.05341381107850661 1 0.20560891590968444 0.037984476825197885 0.005304678459357514 
-0.032130324551669955 -0.009437150268966282 0.20560891590968444 1 0.00866490402697616 0.07659955768974684 
0.03371786322262228 -0.09496635651987241 0.037984476825197885 0.00866490402697616 1 0.14412254338424374 
-0.2254993894518455 -0.15533929822302062 0.005304678459357514 0.07659955768974684 0.14412254338424374 1 

window=9
1 0.2879720128606062 -0.03896124506152802 0.050473941857942746 0.1305736623548548 -0.0757615576560722 
0.2879720128606062 1 0.07695383519991567 -0.0932382435074277 -0.04386243251245172 0.0054878229255141036 
-0.03896124506152802 0.07695383519991567 1 0.07465832922073694 0.06315702031201753 -0.19374442012273008 
0.050473941857942746 -0.0932382435074277 0.07465832922073694 1 0.06263544404977539 -0.3394488521115782 
0.1305736623548548 -0.04386243251245172 0.06315702031201753 0.06263544404977539 1 -0.05006633840178048 
-0.0757615576560722 0.0054878229255141036 -0.19374442012273008 -0.3394488521115782 -0.05006633840178048 1 

window=10
1 0.17854286719532458 0.08625923023486635 -0.07300090284332998 -0.10667706416924332 -0.035032452716691295 
0.17854286719532458 1 0.10417908191563417 0.04627775119726792 0.09546676447849559 -0.020853008268305762 
0.08625923023486635 0.10417908191563417 1 0.14107318933254884 0.11808530555777874 -0.05877479515486614 
-0.07300090284332998 0.04627775119726792 0.14107318933254884 1 0.04486883244898691 0.048450066701334615 
-0.10667706416924332 0.09546676447849559 0.11808530555777874 0.04486883244898691 1 -0.011972135563083464 
-0.035032452716691295 -0.020853008268305762 -0.05877479515486614 0.048450066701334615 -0.011972135563083464 1 

window=11
1 -0.2013483508727491 -0.008056564645354428 0.12577997705705624 0.04563839246732933 0.12902177085430225 
-0.2013483508727491 1 -0.09571372361005538 0.0034209832494196727 -0.034133845507427873 -0.05123244189530448 
-0.008056564645354428 -0.09571372361005538 1 0.18736564909772602 -0.11888396118333625 0.14329757762729742 
0.12577997705705624 0.0034209832494196727 0.18736564909772602 1 -0.14993747214278536 0.2806505080113995 
0.04563839246732933 -0.034133845507427873 -0.11888396118333625 -0.14993747214278536 1 0.11171397137325899 
0.12902177085430225 -0.05123244189530448 0.14329757762729742 0.2806505080113995 0.11171397137325899 1 

window=12
1 -0.012285253646182381 0.11903475817627787 0.18470107794410426 0.04839209791934007 0.16610311130144798 
-0.012285253646182381 1 0.0024000607190598736 -0.09430691252324296 -0.041934723311882034 0.08656932563574492 
0.11903475817627787 0.0024000607190598736 1 0.08351225679903841 0.03587760905950968 0.12157102326864513 
0.18470107794410426 -0.09430691252324296 0.08351225679903841 1 -0.10327280644123807 0.07997326139078655 
0.04839209791934007 -0.041934723311882034 0.03587760905950968 -0.10327280644123807 1 -0.04072229446394446 
0.16610311130144798 0.08656932563574492 0.12157102326864513 0.07997326139078655 -0.04072229446394446 1 

window=13
1 0.004181896638353777 -0.002557491243222953 -0.04121728980614008 0.000713524105500302 0.05614426562169177 
0.004181896638353777 1 -0.09521581623556134 -0.0014517911237848203 -0.045109213637805526 0.024716373011348877 
-0.002557491243222953 -0.09521581623556134 1 0.17292776202078958 -0.02934868410640552 -0.2777695941428673 
-0.04121728980614008 -0.0014517911237848203 0.17292776202078958 1 -0.028326747109127897 -0.02788054852063066 
0.000713524105500302 -0.045109213637805526 -0.02934868410640552 -0.028326747109127897 1 0.001441444309457195 
0.05614426562169177 0.024716373011348877 -0.2777695941428673 -0.02788054852063066 0.001441444309457195 1 

window=14
1 0.34843196457243125 0.004868337073178396 -0.01988744552818107 -0.1282092691968844 -0.06416521754713508 
0.34843196457243125 1 -0.005102791500287226 -0.11091091903482658 -0.06689322687732427 0.01407086909322035 
0.004868337073178396 -0.005102791500287226 1 0.20703135127538858 -0.01361621774538685 0.355369419476777 
-0.01988744552818107 -0.11091091903482658 0.20703135127538858 1 0.03531045446942658 0.06304530360608428 
-0.1282092691968844 -0.06689322687732427 -0.01361621774538685 0.03531045446942658 1 -0.015308066165896061 
-0.06416521754713508 0.01407086909322035 0.355369419476777 0.06304530360608428 -0.015308066165896061 1 

window=15
1 -0.10330493554948018 -0.1368691495339599 0.07384771644523073 0.07312246958004179 -0.04290306032899511 
-0.10330493554948018 1 0.10981449203312996 -0.015021831174255826 -0.08052899368331544 0.019061849265916624 
-0.1368691495339599 0.10981449203312996 1 -0.005504967532187158 0.05624783705184038 -0.2368240507706494 
0.07384771644523073 -0.015021831174255826 -0.005504967532187158 1 -0.09990261512893857 -0.1717943282405621 
0.07312246958004179 -0.08052899368331544 0.05624783705184038 -0.09990261512893857 1 -0.01735763543930956 
-0.04290306032899511 0.019061849265916624 -0.2368240507706494 -0.1717943282405621 -0.01735763543930956 1 

window=16
1 0.39236442517925696 0.011391166662522798 -0.002275310471708348 -0.048932124380549884 0.0029896204432572704 
0.39236442517925696 1 -0.11537409576882454 0.02790028870740572 -0.00022952378555727594 0.03243343296225795 
0.011391166662522798 -0.11537409576882454 1 0.06946515611051887 -0.07786139562334686 -0.20463472070742825 
-0.002275310471708348 0.02790028870740572 0.06946515611051887 1 0.02452414106687712 -0.03643391882630868 
-0.048932124380549884 -0.00022952378555727594 -0.07786139562334686 0.02452414106687712 1 -0.06502849461950969 
0.0029896204432572704 0.03243343296225795 -0.20463472070742825 -0.03643391882630868 -0.06502849461950969 1 

window=17
1 0.047482889203028504 0.037652987702541454 0.06202444637917069 0.02221666637507792 -0.09236545878069691 
0.047482889203028504 1 0.07549407509286125 0.05108210699910977 -0.012567761762753496 0.030973151657634167 
0.037652987702541454 0.07549407509286125 1 0.002562040084953167 -0.03896217058557948 0.05163307292727893 
0.06202444637917069 0.05108210699910977 0.002562040084953167 1 -0.007572720476742002 -0.18952717948429837 
0.02221666637507792 -0.012567761762753496 -0.03896217058557948 -0.007572720476742002 1 -0.05774086840283779 
-0.09236545878069691 0.030973151657634167 0.05163307292727893 -0.18952717948429837 -0.05774086840283779 1 

window=18
1 0.4369624693956361 -0.051895227663961645 0.0767114493975755 0.11566534433001226 -0.05608274951670798 
0.4369624693956361 1 -0.008557026801293312 0.061369703532720886 0.07502218025088397 0.07551512963244665 
-0.051895227663961645 -0.008557026801293312 1 -0.06350291447661549 -0.04112220532621551 -0.2451116766954976 
0.0767114493975755 0.061369703532720886 -0.06350291447661549 1 -0.04634495035210374 0.13058228314084122 
0.11566534433001226 0.07502218025088397 -0.04112220532621551 -0.04634495035210374 1 -0.08427512604832378 
-0.05608274951670798 0.07551512963244665 -0.2451116766954976 0.13058228314084122 -0.08427512604832378 1 

window=19
1 -0.07687635715311783 0.023598321993032762 -0.07759786963687917 -0.005005122786378448 -0.034075084035257934 
-0.07687635715311783 1 -0.15783089167307937 0.029761976314222248 0.05860243730946682 -0.09388201154159391 
0.023598321993032762 -0.15783089167307937 1 0.18211385884150105 0.021903911485130538 -0.2200011823901064 
-0.07759786963687917 0.029761976314222248 0.18211385884150105 1 -0.01131145049527485 -0.0383209202015418 
-0.005005122786378448 0.05860243730946682 0.021903911485130538 -0.01131145049527485 1 -0.04821687785637815 
-0.034075084035257934 -0.09388201154159391 -0.2200011823901064 -0.0383209202015418 -0.04821687785637815 1 

final matrix:
1.0 0.09420614572335252 -0.01837913406679892 0.02433173943078502 0.019094596513373065 -0.03738481764841746 
0.09420614572335252 1.0 -0.009963121137489702 0.018665875303529443 0.005691061149078401 -0.02274776374116707 
-0.01837913406679892 -0.009963121137489702 1.0 0.06194996507048463 -0.012569279782793768 -0.05560294252672156 
0.02433173943078502 0.018665875303529443 0.06194996507048463 1.0 -0.002989070849124695 -0.04239498054992149 
0.019094596513373065 0.005691061149078401 -0.012569279782793768 -0.002989070849124695 1.0 -0.01385424732733007 
-0.03738481764841746 -0.02274776374116707 -0.05560294252672156 -0.04239498054992149 -0.01385424732733007 1.0 

{1: [1, 2, 9], 5: [5, 8], 10: [10]}
new accuracy=0.8
old accuracy=-0.999:0.20000000000000004
old accuracy=-0.998:0.20000000000000004
old accuracy=-0.997:0.20000000000000004
old accuracy=-0.996:0.20000000000000004
old accuracy=-0.995:0.20000000000000004
old accuracy=-0.994:0.20000000000000004
old accuracy=-0.993:0.20000000000000004
old accuracy=-0.992:0.20000000000000004
old accuracy=-0.991:0.20000000000000004
old accuracy=-0.99:0.20000000000000004
old accuracy=-0.989:0.20000000000000004
old accuracy=-0.988:0.20000000000000004
old accuracy=-0.987:0.20000000000000004
old accuracy=-0.986:0.20000000000000004
old accuracy=-0.985:0.20000000000000004
old accuracy=-0.984:0.20000000000000004
old accuracy=-0.983:0.20000000000000004
old accuracy=-0.982:0.20000000000000004
old accuracy=-0.981:0.20000000000000004
old accuracy=-0.98:0.20000000000000004
old accuracy=-0.979:0.20000000000000004
old accuracy=-0.978:0.20000000000000004
old accuracy=-0.977:0.20000000000000004
old accuracy=-0.976:0.20000000000000004
old accuracy=-0.975:0.20000000000000004
old accuracy=-0.974:0.20000000000000004
old accuracy=-0.973:0.20000000000000004
old accuracy=-0.972:0.20000000000000004
old accuracy=-0.971:0.20000000000000004
old accuracy=-0.97:0.20000000000000004
old accuracy=-0.969:0.20000000000000004
old accuracy=-0.968:0.20000000000000004
old accuracy=-0.967:0.20000000000000004
old accuracy=-0.966:0.20000000000000004
old accuracy=-0.965:0.20000000000000004
old accuracy=-0.964:0.20000000000000004
old accuracy=-0.963:0.20000000000000004
old accuracy=-0.962:0.20000000000000004
old accuracy=-0.961:0.20000000000000004
old accuracy=-0.96:0.20000000000000004
old accuracy=-0.959:0.20000000000000004
old accuracy=-0.958:0.20000000000000004
old accuracy=-0.957:0.20000000000000004
old accuracy=-0.956:0.20000000000000004
old accuracy=-0.955:0.20000000000000004
old accuracy=-0.954:0.20000000000000004
old accuracy=-0.953:0.20000000000000004
old accuracy=-0.952:0.20000000000000004
old accuracy=-0.951:0.20000000000000004
old accuracy=-0.95:0.20000000000000004
old accuracy=-0.949:0.20000000000000004
old accuracy=-0.948:0.20000000000000004
old accuracy=-0.947:0.20000000000000004
old accuracy=-0.946:0.20000000000000004
old accuracy=-0.945:0.20000000000000004
old accuracy=-0.944:0.20000000000000004
old accuracy=-0.943:0.20000000000000004
old accuracy=-0.942:0.20000000000000004
old accuracy=-0.941:0.20000000000000004
old accuracy=-0.94:0.20000000000000004
old accuracy=-0.939:0.20000000000000004
old accuracy=-0.938:0.20000000000000004
old accuracy=-0.9369999999999999:0.20000000000000004
old accuracy=-0.9359999999999999:0.20000000000000004
old accuracy=-0.9349999999999999:0.20000000000000004
old accuracy=-0.9339999999999999:0.20000000000000004
old accuracy=-0.9329999999999999:0.20000000000000004
old accuracy=-0.9319999999999999:0.20000000000000004
old accuracy=-0.9309999999999999:0.20000000000000004
old accuracy=-0.9299999999999999:0.20000000000000004
old accuracy=-0.9289999999999999:0.20000000000000004
old accuracy=-0.9279999999999999:0.20000000000000004
old accuracy=-0.9269999999999999:0.20000000000000004
old accuracy=-0.9259999999999999:0.20000000000000004
old accuracy=-0.9249999999999999:0.20000000000000004
old accuracy=-0.9239999999999999:0.20000000000000004
old accuracy=-0.9229999999999999:0.20000000000000004
old accuracy=-0.9219999999999999:0.20000000000000004
old accuracy=-0.9209999999999999:0.20000000000000004
old accuracy=-0.9199999999999999:0.20000000000000004
old accuracy=-0.9189999999999999:0.20000000000000004
old accuracy=-0.9179999999999999:0.20000000000000004
old accuracy=-0.9169999999999999:0.20000000000000004
old accuracy=-0.9159999999999999:0.20000000000000004
old accuracy=-0.9149999999999999:0.20000000000000004
old accuracy=-0.9139999999999999:0.20000000000000004
old accuracy=-0.9129999999999999:0.20000000000000004
old accuracy=-0.9119999999999999:0.20000000000000004
old accuracy=-0.9109999999999999:0.20000000000000004
old accuracy=-0.9099999999999999:0.20000000000000004
old accuracy=-0.9089999999999999:0.20000000000000004
old accuracy=-0.9079999999999999:0.20000000000000004
old accuracy=-0.9069999999999999:0.20000000000000004
old accuracy=-0.9059999999999999:0.20000000000000004
old accuracy=-0.9049999999999999:0.20000000000000004
old accuracy=-0.9039999999999999:0.20000000000000004
old accuracy=-0.9029999999999999:0.20000000000000004
old accuracy=-0.9019999999999999:0.20000000000000004
old accuracy=-0.9009999999999999:0.20000000000000004
old accuracy=-0.8999999999999999:0.20000000000000004
old accuracy=-0.8989999999999999:0.20000000000000004
old accuracy=-0.8979999999999999:0.20000000000000004
old accuracy=-0.8969999999999999:0.20000000000000004
old accuracy=-0.8959999999999999:0.20000000000000004
old accuracy=-0.8949999999999999:0.20000000000000004
old accuracy=-0.8939999999999999:0.20000000000000004
old accuracy=-0.8929999999999999:0.20000000000000004
old accuracy=-0.8919999999999999:0.20000000000000004
old accuracy=-0.8909999999999999:0.20000000000000004
old accuracy=-0.8899999999999999:0.20000000000000004
old accuracy=-0.8889999999999999:0.20000000000000004
old accuracy=-0.8879999999999999:0.20000000000000004
old accuracy=-0.8869999999999999:0.20000000000000004
old accuracy=-0.8859999999999999:0.20000000000000004
old accuracy=-0.8849999999999999:0.20000000000000004
old accuracy=-0.8839999999999999:0.20000000000000004
old accuracy=-0.8829999999999999:0.20000000000000004
old accuracy=-0.8819999999999999:0.20000000000000004
old accuracy=-0.8809999999999999:0.20000000000000004
old accuracy=-0.8799999999999999:0.20000000000000004
old accuracy=-0.8789999999999999:0.20000000000000004
old accuracy=-0.8779999999999999:0.20000000000000004
old accuracy=-0.8769999999999999:0.20000000000000004
old accuracy=-0.8759999999999999:0.20000000000000004
old accuracy=-0.8749999999999999:0.20000000000000004
old accuracy=-0.8739999999999999:0.20000000000000004
old accuracy=-0.8729999999999999:0.20000000000000004
old accuracy=-0.8719999999999999:0.20000000000000004
old accuracy=-0.8709999999999999:0.20000000000000004
old accuracy=-0.8699999999999999:0.20000000000000004
old accuracy=-0.8689999999999999:0.20000000000000004
old accuracy=-0.8679999999999999:0.20000000000000004
old accuracy=-0.8669999999999999:0.20000000000000004
old accuracy=-0.8659999999999999:0.20000000000000004
old accuracy=-0.8649999999999999:0.20000000000000004
old accuracy=-0.8639999999999999:0.20000000000000004
old accuracy=-0.8629999999999999:0.20000000000000004
old accuracy=-0.8619999999999999:0.20000000000000004
old accuracy=-0.8609999999999999:0.20000000000000004
old accuracy=-0.8599999999999999:0.20000000000000004
old accuracy=-0.8589999999999999:0.20000000000000004
old accuracy=-0.8579999999999999:0.20000000000000004
old accuracy=-0.8569999999999999:0.20000000000000004
old accuracy=-0.8559999999999999:0.20000000000000004
old accuracy=-0.8549999999999999:0.20000000000000004
old accuracy=-0.8539999999999999:0.20000000000000004
old accuracy=-0.8529999999999999:0.20000000000000004
old accuracy=-0.8519999999999999:0.20000000000000004
old accuracy=-0.8509999999999999:0.20000000000000004
old accuracy=-0.8499999999999999:0.20000000000000004
old accuracy=-0.8489999999999999:0.20000000000000004
old accuracy=-0.8479999999999999:0.20000000000000004
old accuracy=-0.8469999999999999:0.20000000000000004
old accuracy=-0.8459999999999999:0.20000000000000004
old accuracy=-0.8449999999999999:0.20000000000000004
old accuracy=-0.8439999999999999:0.20000000000000004
old accuracy=-0.8429999999999999:0.20000000000000004
old accuracy=-0.8419999999999999:0.20000000000000004
old accuracy=-0.8409999999999999:0.20000000000000004
old accuracy=-0.8399999999999999:0.20000000000000004
old accuracy=-0.8389999999999999:0.20000000000000004
old accuracy=-0.8379999999999999:0.20000000000000004
old accuracy=-0.8369999999999999:0.20000000000000004
old accuracy=-0.8359999999999999:0.20000000000000004
old accuracy=-0.8349999999999999:0.20000000000000004
old accuracy=-0.8339999999999999:0.20000000000000004
old accuracy=-0.8329999999999999:0.20000000000000004
old accuracy=-0.8319999999999999:0.20000000000000004
old accuracy=-0.8309999999999998:0.20000000000000004
old accuracy=-0.8299999999999998:0.20000000000000004
old accuracy=-0.8289999999999998:0.20000000000000004
old accuracy=-0.8279999999999998:0.20000000000000004
old accuracy=-0.8269999999999998:0.20000000000000004
old accuracy=-0.8259999999999998:0.20000000000000004
old accuracy=-0.8249999999999998:0.20000000000000004
old accuracy=-0.8239999999999998:0.20000000000000004
old accuracy=-0.8229999999999998:0.20000000000000004
old accuracy=-0.8219999999999998:0.20000000000000004
old accuracy=-0.8209999999999998:0.20000000000000004
old accuracy=-0.8199999999999998:0.20000000000000004
old accuracy=-0.8189999999999998:0.20000000000000004
old accuracy=-0.8179999999999998:0.20000000000000004
old accuracy=-0.8169999999999998:0.20000000000000004
old accuracy=-0.8159999999999998:0.20000000000000004
old accuracy=-0.8149999999999998:0.20000000000000004
old accuracy=-0.8139999999999998:0.20000000000000004
old accuracy=-0.8129999999999998:0.20000000000000004
old accuracy=-0.8119999999999998:0.20000000000000004
old accuracy=-0.8109999999999998:0.20000000000000004
old accuracy=-0.8099999999999998:0.20000000000000004
old accuracy=-0.8089999999999998:0.20000000000000004
old accuracy=-0.8079999999999998:0.20000000000000004
old accuracy=-0.8069999999999998:0.20000000000000004
old accuracy=-0.8059999999999998:0.20000000000000004
old accuracy=-0.8049999999999998:0.20000000000000004
old accuracy=-0.8039999999999998:0.20000000000000004
old accuracy=-0.8029999999999998:0.20000000000000004
old accuracy=-0.8019999999999998:0.20000000000000004
old accuracy=-0.8009999999999998:0.20000000000000004
old accuracy=-0.7999999999999998:0.20000000000000004
old accuracy=-0.7989999999999998:0.20000000000000004
old accuracy=-0.7979999999999998:0.20000000000000004
old accuracy=-0.7969999999999998:0.20000000000000004
old accuracy=-0.7959999999999998:0.20000000000000004
old accuracy=-0.7949999999999998:0.20000000000000004
old accuracy=-0.7939999999999998:0.20000000000000004
old accuracy=-0.7929999999999998:0.20000000000000004
old accuracy=-0.7919999999999998:0.20000000000000004
old accuracy=-0.7909999999999998:0.20000000000000004
old accuracy=-0.7899999999999998:0.20000000000000004
old accuracy=-0.7889999999999998:0.20000000000000004
old accuracy=-0.7879999999999998:0.20000000000000004
old accuracy=-0.7869999999999998:0.20000000000000004
old accuracy=-0.7859999999999998:0.20000000000000004
old accuracy=-0.7849999999999998:0.20000000000000004
old accuracy=-0.7839999999999998:0.20000000000000004
old accuracy=-0.7829999999999998:0.20000000000000004
old accuracy=-0.7819999999999998:0.20000000000000004
old accuracy=-0.7809999999999998:0.20000000000000004
old accuracy=-0.7799999999999998:0.20000000000000004
old accuracy=-0.7789999999999998:0.20000000000000004
old accuracy=-0.7779999999999998:0.20000000000000004
old accuracy=-0.7769999999999998:0.20000000000000004
old accuracy=-0.7759999999999998:0.20000000000000004
old accuracy=-0.7749999999999998:0.20000000000000004
old accuracy=-0.7739999999999998:0.20000000000000004
old accuracy=-0.7729999999999998:0.20000000000000004
old accuracy=-0.7719999999999998:0.20000000000000004
old accuracy=-0.7709999999999998:0.20000000000000004
old accuracy=-0.7699999999999998:0.20000000000000004
old accuracy=-0.7689999999999998:0.20000000000000004
old accuracy=-0.7679999999999998:0.20000000000000004
old accuracy=-0.7669999999999998:0.20000000000000004
old accuracy=-0.7659999999999998:0.20000000000000004
old accuracy=-0.7649999999999998:0.20000000000000004
old accuracy=-0.7639999999999998:0.20000000000000004
old accuracy=-0.7629999999999998:0.20000000000000004
old accuracy=-0.7619999999999998:0.20000000000000004
old accuracy=-0.7609999999999998:0.20000000000000004
old accuracy=-0.7599999999999998:0.20000000000000004
old accuracy=-0.7589999999999998:0.20000000000000004
old accuracy=-0.7579999999999998:0.20000000000000004
old accuracy=-0.7569999999999998:0.20000000000000004
old accuracy=-0.7559999999999998:0.20000000000000004
old accuracy=-0.7549999999999998:0.20000000000000004
old accuracy=-0.7539999999999998:0.20000000000000004
old accuracy=-0.7529999999999998:0.20000000000000004
old accuracy=-0.7519999999999998:0.20000000000000004
old accuracy=-0.7509999999999998:0.20000000000000004
old accuracy=-0.7499999999999998:0.20000000000000004
old accuracy=-0.7489999999999998:0.20000000000000004
old accuracy=-0.7479999999999998:0.20000000000000004
old accuracy=-0.7469999999999998:0.20000000000000004
old accuracy=-0.7459999999999998:0.20000000000000004
old accuracy=-0.7449999999999998:0.20000000000000004
old accuracy=-0.7439999999999998:0.20000000000000004
old accuracy=-0.7429999999999998:0.20000000000000004
old accuracy=-0.7419999999999998:0.20000000000000004
old accuracy=-0.7409999999999998:0.20000000000000004
old accuracy=-0.7399999999999998:0.20000000000000004
old accuracy=-0.7389999999999998:0.20000000000000004
old accuracy=-0.7379999999999998:0.20000000000000004
old accuracy=-0.7369999999999998:0.20000000000000004
old accuracy=-0.7359999999999998:0.20000000000000004
old accuracy=-0.7349999999999998:0.20000000000000004
old accuracy=-0.7339999999999998:0.20000000000000004
old accuracy=-0.7329999999999998:0.20000000000000004
old accuracy=-0.7319999999999998:0.20000000000000004
old accuracy=-0.7309999999999998:0.20000000000000004
old accuracy=-0.7299999999999998:0.20000000000000004
old accuracy=-0.7289999999999998:0.20000000000000004
old accuracy=-0.7279999999999998:0.20000000000000004
old accuracy=-0.7269999999999998:0.20000000000000004
old accuracy=-0.7259999999999998:0.20000000000000004
old accuracy=-0.7249999999999998:0.20000000000000004
old accuracy=-0.7239999999999998:0.20000000000000004
old accuracy=-0.7229999999999998:0.20000000000000004
old accuracy=-0.7219999999999998:0.20000000000000004
old accuracy=-0.7209999999999998:0.20000000000000004
old accuracy=-0.7199999999999998:0.20000000000000004
old accuracy=-0.7189999999999998:0.20000000000000004
old accuracy=-0.7179999999999997:0.20000000000000004
old accuracy=-0.7169999999999997:0.20000000000000004
old accuracy=-0.7159999999999997:0.20000000000000004
old accuracy=-0.7149999999999997:0.20000000000000004
old accuracy=-0.7139999999999997:0.20000000000000004
old accuracy=-0.7129999999999997:0.20000000000000004
old accuracy=-0.7119999999999997:0.20000000000000004
old accuracy=-0.7109999999999997:0.20000000000000004
old accuracy=-0.7099999999999997:0.20000000000000004
old accuracy=-0.7089999999999997:0.20000000000000004
old accuracy=-0.7079999999999997:0.20000000000000004
old accuracy=-0.7069999999999997:0.20000000000000004
old accuracy=-0.7059999999999997:0.20000000000000004
old accuracy=-0.7049999999999997:0.20000000000000004
old accuracy=-0.7039999999999997:0.20000000000000004
old accuracy=-0.7029999999999997:0.20000000000000004
old accuracy=-0.7019999999999997:0.20000000000000004
old accuracy=-0.7009999999999997:0.20000000000000004
old accuracy=-0.6999999999999997:0.20000000000000004
old accuracy=-0.6989999999999997:0.20000000000000004
old accuracy=-0.6979999999999997:0.20000000000000004
old accuracy=-0.6969999999999997:0.20000000000000004
old accuracy=-0.6959999999999997:0.20000000000000004
old accuracy=-0.6949999999999997:0.20000000000000004
old accuracy=-0.6939999999999997:0.20000000000000004
old accuracy=-0.6929999999999997:0.20000000000000004
old accuracy=-0.6919999999999997:0.20000000000000004
old accuracy=-0.6909999999999997:0.20000000000000004
old accuracy=-0.6899999999999997:0.20000000000000004
old accuracy=-0.6889999999999997:0.20000000000000004
old accuracy=-0.6879999999999997:0.20000000000000004
old accuracy=-0.6869999999999997:0.20000000000000004
old accuracy=-0.6859999999999997:0.20000000000000004
old accuracy=-0.6849999999999997:0.20000000000000004
old accuracy=-0.6839999999999997:0.20000000000000004
old accuracy=-0.6829999999999997:0.20000000000000004
old accuracy=-0.6819999999999997:0.20000000000000004
old accuracy=-0.6809999999999997:0.20000000000000004
old accuracy=-0.6799999999999997:0.20000000000000004
old accuracy=-0.6789999999999997:0.20000000000000004
old accuracy=-0.6779999999999997:0.20000000000000004
old accuracy=-0.6769999999999997:0.20000000000000004
old accuracy=-0.6759999999999997:0.20000000000000004
old accuracy=-0.6749999999999997:0.20000000000000004
old accuracy=-0.6739999999999997:0.20000000000000004
old accuracy=-0.6729999999999997:0.20000000000000004
old accuracy=-0.6719999999999997:0.20000000000000004
old accuracy=-0.6709999999999997:0.20000000000000004
old accuracy=-0.6699999999999997:0.20000000000000004
old accuracy=-0.6689999999999997:0.20000000000000004
old accuracy=-0.6679999999999997:0.20000000000000004
old accuracy=-0.6669999999999997:0.20000000000000004
old accuracy=-0.6659999999999997:0.20000000000000004
old accuracy=-0.6649999999999997:0.20000000000000004
old accuracy=-0.6639999999999997:0.20000000000000004
old accuracy=-0.6629999999999997:0.20000000000000004
old accuracy=-0.6619999999999997:0.20000000000000004
old accuracy=-0.6609999999999997:0.20000000000000004
old accuracy=-0.6599999999999997:0.20000000000000004
old accuracy=-0.6589999999999997:0.20000000000000004
old accuracy=-0.6579999999999997:0.20000000000000004
old accuracy=-0.6569999999999997:0.20000000000000004
old accuracy=-0.6559999999999997:0.20000000000000004
old accuracy=-0.6549999999999997:0.20000000000000004
old accuracy=-0.6539999999999997:0.20000000000000004
old accuracy=-0.6529999999999997:0.20000000000000004
old accuracy=-0.6519999999999997:0.20000000000000004
old accuracy=-0.6509999999999997:0.20000000000000004
old accuracy=-0.6499999999999997:0.20000000000000004
old accuracy=-0.6489999999999997:0.20000000000000004
old accuracy=-0.6479999999999997:0.20000000000000004
old accuracy=-0.6469999999999997:0.20000000000000004
old accuracy=-0.6459999999999997:0.20000000000000004
old accuracy=-0.6449999999999997:0.20000000000000004
old accuracy=-0.6439999999999997:0.20000000000000004
old accuracy=-0.6429999999999997:0.20000000000000004
old accuracy=-0.6419999999999997:0.20000000000000004
old accuracy=-0.6409999999999997:0.20000000000000004
old accuracy=-0.6399999999999997:0.20000000000000004
old accuracy=-0.6389999999999997:0.20000000000000004
old accuracy=-0.6379999999999997:0.20000000000000004
old accuracy=-0.6369999999999997:0.20000000000000004
old accuracy=-0.6359999999999997:0.20000000000000004
old accuracy=-0.6349999999999997:0.20000000000000004
old accuracy=-0.6339999999999997:0.20000000000000004
old accuracy=-0.6329999999999997:0.20000000000000004
old accuracy=-0.6319999999999997:0.20000000000000004
old accuracy=-0.6309999999999997:0.20000000000000004
old accuracy=-0.6299999999999997:0.20000000000000004
old accuracy=-0.6289999999999997:0.20000000000000004
old accuracy=-0.6279999999999997:0.20000000000000004
old accuracy=-0.6269999999999997:0.20000000000000004
old accuracy=-0.6259999999999997:0.20000000000000004
old accuracy=-0.6249999999999997:0.20000000000000004
old accuracy=-0.6239999999999997:0.20000000000000004
old accuracy=-0.6229999999999997:0.20000000000000004
old accuracy=-0.6219999999999997:0.20000000000000004
old accuracy=-0.6209999999999997:0.20000000000000004
old accuracy=-0.6199999999999997:0.20000000000000004
old accuracy=-0.6189999999999997:0.20000000000000004
old accuracy=-0.6179999999999997:0.20000000000000004
old accuracy=-0.6169999999999997:0.20000000000000004
old accuracy=-0.6159999999999997:0.20000000000000004
old accuracy=-0.6149999999999997:0.20000000000000004
old accuracy=-0.6139999999999997:0.20000000000000004
old accuracy=-0.6129999999999997:0.20000000000000004
old accuracy=-0.6119999999999997:0.20000000000000004
old accuracy=-0.6109999999999997:0.20000000000000004
old accuracy=-0.6099999999999997:0.20000000000000004
old accuracy=-0.6089999999999997:0.20000000000000004
old accuracy=-0.6079999999999997:0.20000000000000004
old accuracy=-0.6069999999999997:0.20000000000000004
old accuracy=-0.6059999999999997:0.20000000000000004
old accuracy=-0.6049999999999996:0.20000000000000004
old accuracy=-0.6039999999999996:0.20000000000000004
old accuracy=-0.6029999999999996:0.20000000000000004
old accuracy=-0.6019999999999996:0.20000000000000004
old accuracy=-0.6009999999999996:0.20000000000000004
old accuracy=-0.5999999999999996:0.20000000000000004
old accuracy=-0.5989999999999996:0.20000000000000004
old accuracy=-0.5979999999999996:0.20000000000000004
old accuracy=-0.5969999999999996:0.20000000000000004
old accuracy=-0.5959999999999996:0.20000000000000004
old accuracy=-0.5949999999999996:0.20000000000000004
old accuracy=-0.5939999999999996:0.20000000000000004
old accuracy=-0.5929999999999996:0.20000000000000004
old accuracy=-0.5919999999999996:0.20000000000000004
old accuracy=-0.5909999999999996:0.20000000000000004
old accuracy=-0.5899999999999996:0.20000000000000004
old accuracy=-0.5889999999999996:0.20000000000000004
old accuracy=-0.5879999999999996:0.20000000000000004
old accuracy=-0.5869999999999996:0.20000000000000004
old accuracy=-0.5859999999999996:0.20000000000000004
old accuracy=-0.5849999999999996:0.20000000000000004
old accuracy=-0.5839999999999996:0.20000000000000004
old accuracy=-0.5829999999999996:0.20000000000000004
old accuracy=-0.5819999999999996:0.20000000000000004
old accuracy=-0.5809999999999996:0.20000000000000004
old accuracy=-0.5799999999999996:0.20000000000000004
old accuracy=-0.5789999999999996:0.20000000000000004
old accuracy=-0.5779999999999996:0.20000000000000004
old accuracy=-0.5769999999999996:0.20000000000000004
old accuracy=-0.5759999999999996:0.20000000000000004
old accuracy=-0.5749999999999996:0.20000000000000004
old accuracy=-0.5739999999999996:0.20000000000000004
old accuracy=-0.5729999999999996:0.20000000000000004
old accuracy=-0.5719999999999996:0.20000000000000004
old accuracy=-0.5709999999999996:0.20000000000000004
old accuracy=-0.5699999999999996:0.20000000000000004
old accuracy=-0.5689999999999996:0.20000000000000004
old accuracy=-0.5679999999999996:0.20000000000000004
old accuracy=-0.5669999999999996:0.20000000000000004
old accuracy=-0.5659999999999996:0.20000000000000004
old accuracy=-0.5649999999999996:0.20000000000000004
old accuracy=-0.5639999999999996:0.20000000000000004
old accuracy=-0.5629999999999996:0.20000000000000004
old accuracy=-0.5619999999999996:0.20000000000000004
old accuracy=-0.5609999999999996:0.20000000000000004
old accuracy=-0.5599999999999996:0.20000000000000004
old accuracy=-0.5589999999999996:0.20000000000000004
old accuracy=-0.5579999999999996:0.20000000000000004
old accuracy=-0.5569999999999996:0.20000000000000004
old accuracy=-0.5559999999999996:0.20000000000000004
old accuracy=-0.5549999999999996:0.20000000000000004
old accuracy=-0.5539999999999996:0.20000000000000004
old accuracy=-0.5529999999999996:0.20000000000000004
old accuracy=-0.5519999999999996:0.20000000000000004
old accuracy=-0.5509999999999996:0.20000000000000004
old accuracy=-0.5499999999999996:0.20000000000000004
old accuracy=-0.5489999999999996:0.20000000000000004
old accuracy=-0.5479999999999996:0.20000000000000004
old accuracy=-0.5469999999999996:0.20000000000000004
old accuracy=-0.5459999999999996:0.20000000000000004
old accuracy=-0.5449999999999996:0.20000000000000004
old accuracy=-0.5439999999999996:0.20000000000000004
old accuracy=-0.5429999999999996:0.20000000000000004
old accuracy=-0.5419999999999996:0.20000000000000004
old accuracy=-0.5409999999999996:0.20000000000000004
old accuracy=-0.5399999999999996:0.20000000000000004
old accuracy=-0.5389999999999996:0.20000000000000004
old accuracy=-0.5379999999999996:0.20000000000000004
old accuracy=-0.5369999999999996:0.20000000000000004
old accuracy=-0.5359999999999996:0.20000000000000004
old accuracy=-0.5349999999999996:0.20000000000000004
old accuracy=-0.5339999999999996:0.20000000000000004
old accuracy=-0.5329999999999996:0.20000000000000004
old accuracy=-0.5319999999999996:0.20000000000000004
old accuracy=-0.5309999999999996:0.20000000000000004
old accuracy=-0.5299999999999996:0.20000000000000004
old accuracy=-0.5289999999999996:0.20000000000000004
old accuracy=-0.5279999999999996:0.20000000000000004
old accuracy=-0.5269999999999996:0.20000000000000004
old accuracy=-0.5259999999999996:0.20000000000000004
old accuracy=-0.5249999999999996:0.20000000000000004
old accuracy=-0.5239999999999996:0.20000000000000004
old accuracy=-0.5229999999999996:0.20000000000000004
old accuracy=-0.5219999999999996:0.20000000000000004
old accuracy=-0.5209999999999996:0.20000000000000004
old accuracy=-0.5199999999999996:0.20000000000000004
old accuracy=-0.5189999999999996:0.20000000000000004
old accuracy=-0.5179999999999996:0.20000000000000004
old accuracy=-0.5169999999999996:0.20000000000000004
old accuracy=-0.5159999999999996:0.20000000000000004
old accuracy=-0.5149999999999996:0.20000000000000004
old accuracy=-0.5139999999999996:0.20000000000000004
old accuracy=-0.5129999999999996:0.20000000000000004
old accuracy=-0.5119999999999996:0.20000000000000004
old accuracy=-0.5109999999999996:0.20000000000000004
old accuracy=-0.5099999999999996:0.20000000000000004
old accuracy=-0.5089999999999996:0.20000000000000004
old accuracy=-0.5079999999999996:0.20000000000000004
old accuracy=-0.5069999999999996:0.20000000000000004
old accuracy=-0.5059999999999996:0.20000000000000004
old accuracy=-0.5049999999999996:0.20000000000000004
old accuracy=-0.5039999999999996:0.20000000000000004
old accuracy=-0.5029999999999996:0.20000000000000004
old accuracy=-0.5019999999999996:0.20000000000000004
old accuracy=-0.5009999999999996:0.20000000000000004
old accuracy=-0.49999999999999956:0.20000000000000004
old accuracy=-0.49899999999999956:0.20000000000000004
old accuracy=-0.49799999999999955:0.20000000000000004
old accuracy=-0.49699999999999955:0.20000000000000004
old accuracy=-0.49599999999999955:0.20000000000000004
old accuracy=-0.49499999999999955:0.20000000000000004
old accuracy=-0.49399999999999955:0.20000000000000004
old accuracy=-0.49299999999999955:0.20000000000000004
old accuracy=-0.49199999999999955:0.20000000000000004
old accuracy=-0.49099999999999955:0.20000000000000004
old accuracy=-0.48999999999999955:0.20000000000000004
old accuracy=-0.48899999999999955:0.20000000000000004
