window=0
1 -0.7136563477327734 0.1586421051394149 -0.49981321807920137 0.3747616089326344 0.3770251636891866 0.68295894167774 -0.1375896843210975 -0.15103011508455147 
-0.7136563477327734 1 -0.1831562793089979 0.39299080898219735 -0.39151100787720117 -0.38183600361047887 -0.7587111423546409 0.19745078132255442 0.1216566753138252 
0.1586421051394149 -0.1831562793089979 1 -0.039324394246759244 0.03053653895328248 0.2167680467611934 0.213404989518983 0.030952544321413412 -0.059759443607826646 
-0.49981321807920137 0.39299080898219735 -0.039324394246759244 1 -0.2868566640111202 -0.2826336479881063 -0.4358270879684161 -0.04015872292764746 0.13819391150388416 
0.3747616089326344 -0.39151100787720117 0.03053653895328248 -0.2868566640111202 1 0.44045951510531367 0.4755980788910428 0.25083209424221126 -0.20353040336602743 
0.3770251636891866 -0.38183600361047887 0.2167680467611934 -0.2826336479881063 0.44045951510531367 1 0.5029175228642824 0.26918659988672305 -0.07575658824669475 
0.68295894167774 -0.7587111423546409 0.213404989518983 -0.4358270879684161 0.4755980788910428 0.5029175228642824 1 -0.047304889325597614 -0.1610988308428239 
-0.1375896843210975 0.19745078132255442 0.030952544321413412 -0.04015872292764746 0.25083209424221126 0.26918659988672305 -0.047304889325597614 1 0.06159701883776336 
-0.15103011508455147 0.1216566753138252 -0.059759443607826646 0.13819391150388416 -0.20353040336602743 -0.07575658824669475 -0.1610988308428239 0.06159701883776336 1 

window=1
1 -0.004077065414150867 -0.05527440007683311 0.3402217030266753 -0.015166968545411715 -0.013227897219399367 0.1253567668558495 0.07842400014148239 0.10234743314680611 
-0.004077065414150867 1 0.06577231604011768 0.19864130032248192 0.117250147730213 0.07512598080074927 -0.10146821880436714 -0.125158664475998 -0.08422859386956465 
-0.05527440007683311 0.06577231604011768 1 -0.0835253638854354 -0.012961554442153824 -0.010320103711886953 -0.019115136092124257 -0.06745983410257848 0.15175102582086059 
0.3402217030266753 0.19864130032248192 -0.0835253638854354 1 0.008889987577684036 0.049104409795470726 0.06308770436464857 0.043526939015727135 0.06448711226280501 
-0.015166968545411715 0.117250147730213 -0.012961554442153824 0.008889987577684036 1 0.3396756347819531 -0.44786450497646435 -0.1355958027952924 -0.4464499764467939 
-0.013227897219399367 0.07512598080074927 -0.010320103711886953 0.049104409795470726 0.3396756347819531 1 -0.3005987551575841 -0.37174706653522877 -0.406704109000704 
0.1253567668558495 -0.10146821880436714 -0.019115136092124257 0.06308770436464857 -0.44786450497646435 -0.3005987551575841 1 0.1906455586956871 0.3949103860534355 
0.07842400014148239 -0.125158664475998 -0.06745983410257848 0.043526939015727135 -0.1355958027952924 -0.37174706653522877 0.1906455586956871 1 -0.15705134096194767 
0.10234743314680611 -0.08422859386956465 0.15175102582086059 0.06448711226280501 -0.4464499764467939 -0.406704109000704 0.3949103860534355 -0.15705134096194767 1 

window=2
1 -0.60126957371265 0.5269634457054184 -0.5353415028927749 -0.10193778386163882 0.27618587760724445 0.035825067954511985 0.4671309242880885 0.6062900409430559 
-0.60126957371265 1 -0.6702824152956984 0.7106612407436329 -0.01712019214622251 -0.3455937961216841 -0.059636486847463324 -0.7070945559673568 -0.853405363300436 
0.5269634457054184 -0.6702824152956984 1 -0.5980734677145003 -0.007627872317533547 0.2571248660982492 8.149051929758514e-05 0.5777411066433918 0.7197431202702017 
-0.5353415028927749 0.7106612407436329 -0.5980734677145003 1 0.05746364287604601 -0.4045197815298356 -0.04193331259970037 -0.7396194956379185 -0.8038893546459467 
-0.10193778386163882 -0.01712019214622251 -0.007627872317533547 0.05746364287604601 1 0.29135801119040156 0.016704183348057285 -0.02301822488009694 0.020154166791449976 
0.27618587760724445 -0.3455937961216841 0.2571248660982492 -0.4045197815298356 0.29135801119040156 1 0.006072217180554458 0.48315683388008074 0.5248785160855008 
0.035825067954511985 -0.059636486847463324 8.149051929758514e-05 -0.04193331259970037 0.016704183348057285 0.006072217180554458 1 0.04519365668280149 0.050540614263088916 
0.4671309242880885 -0.7070945559673568 0.5777411066433918 -0.7396194956379185 -0.02301822488009694 0.48315683388008074 0.04519365668280149 1 0.8001925740339557 
0.6062900409430559 -0.853405363300436 0.7197431202702017 -0.8038893546459467 0.020154166791449976 0.5248785160855008 0.050540614263088916 0.8001925740339557 1 

window=3
1 -0.44160593274939963 0.3447918995616725 -0.5027243047526244 0.42838442985717795 -0.03468437932443862 -0.01484245998823333 -0.14723568857001626 0.055004097317006916 
-0.44160593274939963 1 -0.31626808963640957 0.8092716775984626 -0.7019370473670247 0.3651608267546309 0.1377638373284672 0.12093415532782842 -0.08423022784947676 
0.3447918995616725 -0.31626808963640957 1 -0.5668598383487738 0.6043910745989404 0.0013944618596925488 -0.2747005249345699 -0.2831867928204512 0.0030706287020703864 
-0.5027243047526244 0.8092716775984626 -0.5668598383487738 1 -0.6505234205952692 0.1464989379145097 0.4231027091349778 0.23939242698479057 0.015262245241415607 
0.42838442985717795 -0.7019370473670247 0.6043910745989404 -0.6505234205952692 1 -0.25413628937673355 -0.12471029682545313 -0.2400749891387956 0.10808210264083148 
-0.03468437932443862 0.3651608267546309 0.0013944618596925488 0.1464989379145097 -0.25413628937673355 1 -0.04634913948368971 -0.04897494131909119 -0.13480280752180107 
-0.01484245998823333 0.1377638373284672 -0.2747005249345699 0.4231027091349778 -0.12471029682545313 -0.04634913948368971 1 0.44552443357481064 -0.011196708329020599 
-0.14723568857001626 0.12093415532782842 -0.2831867928204512 0.23939242698479057 -0.2400749891387956 -0.04897494131909119 0.44552443357481064 1 -0.44399022892306356 
0.055004097317006916 -0.08423022784947676 0.0030706287020703864 0.015262245241415607 0.10808210264083148 -0.13480280752180107 -0.011196708329020599 -0.44399022892306356 1 

window=4
1 -0.4534865995173452 0.332871228237824 0.42277526117967756 -0.39813614782579915 0.3158426233310494 -0.21862045720760423 -0.25054444220387306 0.05855518271467332 
-0.4534865995173452 1 -0.37103189493211663 -0.8940700645216259 0.6635508799490567 -0.48662351010980537 0.2934294277538101 0.8229971562598278 0.43010886324001646 
0.332871228237824 -0.37103189493211663 1 0.4773756613844642 -0.03071530798785454 -0.21731661446665498 -0.23044020788414538 -0.12740080777912324 0.01476369482526504 
0.42277526117967756 -0.8940700645216259 0.4773756613844642 1 -0.4979044140742231 0.5884997021325362 -0.3014473888615279 -0.7975548845255449 -0.36335479515400143 
-0.39813614782579915 0.6635508799490567 -0.03071530798785454 -0.4979044140742231 1 -0.4361193606660148 0.1643413665140245 0.5730326728496165 0.24133208545718388 
0.3158426233310494 -0.48662351010980537 -0.21731661446665498 0.5884997021325362 -0.4361193606660148 1 -0.14108281928072242 -0.5697061239477591 -0.09013433408532578 
-0.21862045720760423 0.2934294277538101 -0.23044020788414538 -0.3014473888615279 0.1643413665140245 -0.14108281928072242 1 0.239934230837167 0.06733424512057962 
-0.25054444220387306 0.8229971562598278 -0.12740080777912324 -0.7975548845255449 0.5730326728496165 -0.5697061239477591 0.239934230837167 1 0.48685864275812557 
0.05855518271467332 0.43010886324001646 0.01476369482526504 -0.36335479515400143 0.24133208545718388 -0.09013433408532578 0.06733424512057962 0.48685864275812557 1 

window=5
1 -0.6836978823873605 -0.018271660085634203 0.3471769903446749 -0.026864710198188924 0.5481309559680284 0.34245726242640984 -0.6241275495209203 -0.5441022795222583 
-0.6836978823873605 1 -0.013731401462068851 -0.10096593855214366 -0.19514811238547425 -0.6648443425932941 -0.3347723143028226 0.7164805352893965 0.6764604987047472 
-0.018271660085634203 -0.013731401462068851 1 -0.13832881959550616 -0.02913537988661801 0.03242003732561786 0.056544831747215765 -0.07904062085990864 -0.06338648264894665 
0.3471769903446749 -0.10096593855214366 -0.13832881959550616 1 -0.23015897313896225 0.4272453439151306 0.18864531019641487 -0.3930429279950115 -0.28881836958900753 
-0.026864710198188924 -0.19514811238547425 -0.02913537988661801 -0.23015897313896225 1 -0.07894100557488513 -0.24915699573101835 0.28948494856802204 -0.006903578940994511 
0.5481309559680284 -0.6648443425932941 0.03242003732561786 0.4272453439151306 -0.07894100557488513 1 0.3452819575685958 -0.7177060720565392 -0.6190172132132987 
0.34245726242640984 -0.3347723143028226 0.056544831747215765 0.18864531019641487 -0.24915699573101835 0.3452819575685958 1 -0.49149570439387524 -0.3938235033766103 
-0.6241275495209203 0.7164805352893965 -0.07904062085990864 -0.3930429279950115 0.28948494856802204 -0.7177060720565392 -0.49149570439387524 1 0.8649184642863896 
-0.5441022795222583 0.6764604987047472 -0.06338648264894665 -0.28881836958900753 -0.006903578940994511 -0.6190172132132987 -0.3938235033766103 0.8649184642863896 1 

window=6
1 0.48249252957573935 -0.22343870240081884 -0.33463287120188445 -0.009236675080319298 0.10253714979778228 0.17935095979786944 0.4109144172467952 -0.5435632073032348 
0.48249252957573935 1 -0.4076334198446113 -0.12743205278257563 0.309940942193192 -0.2881432681043677 -0.47925208916560136 0.6386033909217468 -0.6079941832475744 
-0.22343870240081884 -0.4076334198446113 1 -0.07920242668637845 0.13200181712394235 0.016174536969018657 0.2240586659570647 -0.2822382506006038 0.30101443217329915 
-0.33463287120188445 -0.12743205278257563 -0.07920242668637845 1 0.13644959035821588 0.05151647526427445 -0.22332615119748117 0.04666357534953284 0.07854806040694526 
-0.009236675080319298 0.309940942193192 0.13200181712394235 0.13644959035821588 1 -0.17158266499351113 -0.5250228360779178 -0.18821162614830725 -0.06542952138736881 
0.10253714979778228 -0.2881432681043677 0.016174536969018657 0.05151647526427445 -0.17158266499351113 1 0.533806468982958 -0.09673650523827336 0.0379828608419662 
0.17935095979786944 -0.47925208916560136 0.2240586659570647 -0.22332615119748117 -0.5250228360779178 0.533806468982958 1 -0.147070673366074 0.12929121761913645 
0.4109144172467952 0.6386033909217468 -0.2822382506006038 0.04666357534953284 -0.18821162614830725 -0.09673650523827336 -0.147070673366074 1 -0.6094979847068723 
-0.5435632073032348 -0.6079941832475744 0.30101443217329915 0.07854806040694526 -0.06542952138736881 0.0379828608419662 0.12929121761913645 -0.6094979847068723 1 

window=7
1 -0.4680653583583005 -0.0972621107592868 -0.5899460950579651 -0.013051745337105998 0.13251925845020504 -0.07718708642317551 -0.022887228833943927 0.07890383932838607 
-0.4680653583583005 1 0.3675926898264327 0.4970108416283071 -0.3736987696000661 -0.0008344027940816431 -0.17971429397521405 -0.41228458060961864 0.2625666432117281 
-0.0972621107592868 0.3675926898264327 1 -0.06070352512922531 0.00015369947583239528 0.2973313658319322 0.004411301266589615 0.1664623547763435 0.09012171793280556 
-0.5899460950579651 0.4970108416283071 -0.06070352512922531 1 0.0750647975243016 -0.1510744138166249 0.0623515317941329 -0.058371209708306046 -0.03214739084789737 
-0.013051745337105998 -0.3736987696000661 0.00015369947583239528 0.0750647975243016 1 -0.2289614768836018 0.1622257437628829 0.39459760860268983 -0.12424797299861837 
0.13251925845020504 -0.0008344027940816431 0.2973313658319322 -0.1510744138166249 -0.2289614768836018 1 0.004246753808653536 -0.0374464767172497 0.011606477540648261 
-0.07718708642317551 -0.17971429397521405 0.004411301266589615 0.0623515317941329 0.1622257437628829 0.004246753808653536 1 0.33834807485605256 -0.2573044210030848 
-0.022887228833943927 -0.41228458060961864 0.1664623547763435 -0.058371209708306046 0.39459760860268983 -0.0374464767172497 0.33834807485605256 1 -0.6240394105749854 
0.07890383932838607 0.2625666432117281 0.09012171793280556 -0.03214739084789737 -0.12424797299861837 0.011606477540648261 -0.2573044210030848 -0.6240394105749854 1 

window=8
1 0.7136102361646743 -0.5294286034187042 0.03574907872146458 0.12893299307835002 -0.09026356726137015 -0.21018140582654574 -0.28184321811797686 0.20646535500689744 
0.7136102361646743 1 -0.462445587992707 0.262529209814952 0.17887425636977405 -0.2832107004398733 -0.10090337838901117 -0.18983804120213743 0.4495629596725671 
-0.5294286034187042 -0.462445587992707 1 0.1199244535444936 -0.059269341659382066 0.12134219698217198 0.6576100957446592 0.7447546488315656 0.2786297396705677 
0.03574907872146458 0.262529209814952 0.1199244535444936 1 0.1178069970654544 -0.40302726985723436 0.1910544000453889 0.31269937125969044 0.3357812898907483 
0.12893299307835002 0.17887425636977405 -0.059269341659382066 0.1178069970654544 1 -0.08042287755445629 -0.03750192700497475 -0.18887336826725956 0.14100239569919576 
-0.09026356726137015 -0.2832107004398733 0.12134219698217198 -0.40302726985723436 -0.08042287755445629 1 0.08157479773816925 -0.057622517590472724 -0.1904200806269646 
-0.21018140582654574 -0.10090337838901117 0.6576100957446592 0.1910544000453889 -0.03750192700497475 0.08157479773816925 1 0.6763342143552927 0.5071321560091279 
-0.28184321811797686 -0.18983804120213743 0.7447546488315656 0.31269937125969044 -0.18887336826725956 -0.057622517590472724 0.6763342143552927 1 0.4007112043621606 
0.20646535500689744 0.4495629596725671 0.2786297396705677 0.3357812898907483 0.14100239569919576 -0.1904200806269646 0.5071321560091279 0.4007112043621606 1 

window=9
1 0.91886203240396 0.09214363432614224 0.2676067880339731 0.29879941320367354 0.0580174181725153 0.2019062457393248 -0.8403233069499756 0.28685072834947456 
0.91886203240396 1 0.1072172842321014 -0.04851960965046493 0.2648338708711464 0.03081352919200785 -0.03617660935011156 -0.9159180005982216 0.39884626040238824 
0.09214363432614224 0.1072172842321014 1 0.028781236507515767 0.09626091745540293 0.07395793712968407 0.033595347639407414 -0.07227258414888581 0.07517612183465483 
0.2676067880339731 -0.04851960965046493 0.028781236507515767 1 0.057342846051328146 0.060556289930925815 0.7401191030176245 0.013162183191609418 -0.43248473533438614 
0.29879941320367354 0.2648338708711464 0.09626091745540293 0.057342846051328146 1 0.43600705561563813 -0.005987794774562877 -0.20195995495200988 0.05901834804341258 
0.0580174181725153 0.03081352919200785 0.07395793712968407 0.060556289930925815 0.43600705561563813 1 -0.01899571497900691 0.12711104690402017 -0.004584517735137687 
0.2019062457393248 -0.03617660935011156 0.033595347639407414 0.7401191030176245 -0.005987794774562877 -0.01899571497900691 1 0.025661818773258745 -0.4477549368034365 
-0.8403233069499756 -0.9159180005982216 -0.07227258414888581 0.013162183191609418 -0.20195995495200988 0.12711104690402017 0.025661818773258745 1 -0.26430383300593474 
0.28685072834947456 0.39884626040238824 0.07517612183465483 -0.43248473533438614 0.05901834804341258 -0.004584517735137687 -0.4477549368034365 -0.26430383300593474 1 

window=10
1 0.30811465368940955 -0.4114440965639511 0.07330710401729716 -0.022307394367165292 -0.22055586271218464 -0.0952955252081235 0.025405336516055955 -0.30607743183096475 
0.30811465368940955 1 -0.47235821923420784 0.21674711182665438 -0.09707635133553938 -0.13776082557148395 -0.199877067872404 -0.09725052232422675 0.006033992372352823 
-0.4114440965639511 -0.47235821923420784 1 0.029417054087900525 0.15393072234068156 0.4344189194959058 0.18837788355079765 -0.04046455837210596 0.28067278858885003 
0.07330710401729716 0.21674711182665438 0.029417054087900525 1 -0.09177789758982924 0.15347873172695317 0.03173189179361968 0.17215349772353522 0.08624609459278479 
-0.022307394367165292 -0.09707635133553938 0.15393072234068156 -0.09177789758982924 1 -0.5908943074974021 -0.06742423130093951 -0.7583392052684308 -0.15863116804708047 
-0.22055586271218464 -0.13776082557148395 0.4344189194959058 0.15347873172695317 -0.5908943074974021 1 0.21290274744918689 0.6354810011292977 0.2367383118351877 
-0.0952955252081235 -0.199877067872404 0.18837788355079765 0.03173189179361968 -0.06742423130093951 0.21290274744918689 1 0.15835753754260318 0.043027918542405404 
0.025405336516055955 -0.09725052232422675 -0.04046455837210596 0.17215349772353522 -0.7583392052684308 0.6354810011292977 0.15835753754260318 1 0.017817681495886604 
-0.30607743183096475 0.006033992372352823 0.28067278858885003 0.08624609459278479 -0.15863116804708047 0.2367383118351877 0.043027918542405404 0.017817681495886604 1 

window=11
1 -0.4359105411707918 -0.7100644178655151 0.11718413384009407 0.7554748173507541 0.8508168796699053 -0.32942041165323227 0.40142586843842104 0.20171749981183082 
-0.4359105411707918 1 0.3192699284112348 0.39040175609247046 -0.21694697054281956 -0.4334527914467983 0.26009248490256437 -0.04632455127421633 0.38200015501016044 
-0.7100644178655151 0.3192699284112348 1 -0.2512087350761672 -0.7849766905735226 -0.6773429979090995 0.34208487491966455 -0.13073861206287862 -0.04042874576472935 
0.11718413384009407 0.39040175609247046 -0.2512087350761672 1 0.57250214687479 -0.04004031029208057 0.004105940724118378 0.45024298951083813 0.6269511640117204 
0.7554748173507541 -0.21694697054281956 -0.7849766905735226 0.57250214687479 1 0.6959268540697494 -0.32746433730984653 0.35240412032198354 0.3178543165072351 
0.8508168796699053 -0.4334527914467983 -0.6773429979090995 -0.04004031029208057 0.6959268540697494 1 -0.37493102975066156 0.2621454522706396 0.06938123807777911 
-0.32942041165323227 0.26009248490256437 0.34208487491966455 0.004105940724118378 -0.32746433730984653 -0.37493102975066156 1 -0.004328895098749834 0.0969970041976125 
0.40142586843842104 -0.04632455127421633 -0.13073861206287862 0.45024298951083813 0.35240412032198354 0.2621454522706396 -0.004328895098749834 1 0.6750143085792472 
0.20171749981183082 0.38200015501016044 -0.04042874576472935 0.6269511640117204 0.3178543165072351 0.06938123807777911 0.0969970041976125 0.6750143085792472 1 

window=12
1 0.49643283724991133 0.20602097945745879 -0.6207635294603123 -0.3475858460118747 -0.4450970153095158 -0.4713613431078442 -0.5598011680070474 -0.5669842161220522 
0.49643283724991133 1 0.18795146533781448 -0.39600328009422175 -0.21713809623994296 -0.143093318972966 -0.029313959989653467 -0.24965586830703562 -0.32967649495196355 
0.20602097945745879 0.18795146533781448 1 -0.2079442981456307 0.2133991231772061 -0.6244349410436296 -0.3410908624600633 -0.35553840404355735 -0.23996560081946094 
-0.6207635294603123 -0.39600328009422175 -0.2079442981456307 1 0.349082115427065 0.3882278914232186 0.37970440152425966 0.43332756867369404 0.4596985869154361 
-0.3475858460118747 -0.21713809623994296 0.2133991231772061 0.349082115427065 1 0.12197459883664326 0.14632073414094546 0.4288156636929396 0.3596113697074524 
-0.4450970153095158 -0.143093318972966 -0.6244349410436296 0.3882278914232186 0.12197459883664326 1 0.6539505378796157 0.5378188605224569 0.4521113365147117 
-0.4713613431078442 -0.029313959989653467 -0.3410908624600633 0.37970440152425966 0.14632073414094546 0.6539505378796157 1 0.5618992660375652 0.39586153303384614 
-0.5598011680070474 -0.24965586830703562 -0.35553840404355735 0.43332756867369404 0.4288156636929396 0.5378188605224569 0.5618992660375652 1 0.6276404592876739 
-0.5669842161220522 -0.32967649495196355 -0.23996560081946094 0.4596985869154361 0.3596113697074524 0.4521113365147117 0.39586153303384614 0.6276404592876739 1 

window=13
1 -0.010723796130475895 0.052447577196032685 -0.33859984794509074 0.14323122897461024 -0.28894252683470517 0.1276241734404717 0.16446955256201556 0.08497815418855387 
-0.010723796130475895 1 0.037433934564462985 0.25036122995614757 -0.0020856884152300596 0.03534432132569917 -0.10319679375944193 -0.35819576240348605 -0.12942994914665498 
0.052447577196032685 0.037433934564462985 1 0.005807820420412694 -0.20097595952989764 -0.23255851700399766 0.08613112387393965 -0.07489270874419128 -0.21772838040637008 
-0.33859984794509074 0.25036122995614757 0.005807820420412694 1 0.29487071628269984 0.7972008157263504 -0.3877699046169572 -0.6273568901341375 -0.2488779248097176 
0.14323122897461024 -0.0020856884152300596 -0.20097595952989764 0.29487071628269984 1 0.3060805979372879 -0.19857621684663557 -0.2700337178552168 -0.01154488883382469 
-0.28894252683470517 0.03534432132569917 -0.23255851700399766 0.7972008157263504 0.3060805979372879 1 -0.3089096873523521 -0.4346247553661863 -0.13398605141356462 
0.1276241734404717 -0.10319679375944193 0.08613112387393965 -0.3877699046169572 -0.19857621684663557 -0.3089096873523521 1 0.48384573550440324 -0.06791614979947262 
0.16446955256201556 -0.35819576240348605 -0.07489270874419128 -0.6273568901341375 -0.2700337178552168 -0.4346247553661863 0.48384573550440324 1 -0.06811544295941953 
0.08497815418855387 -0.12942994914665498 -0.21772838040637008 -0.2488779248097176 -0.01154488883382469 -0.13398605141356462 -0.06791614979947262 -0.06811544295941953 1 

window=14
1 0.46023393403912055 -0.0015855605136460443 0.26691016399401074 -0.08330640764057623 0.003242335412646594 -0.10823699386047138 0.27607656168323863 0.2562800334409944 
0.46023393403912055 1 -0.05274134924688954 0.036497544274098785 -0.03579266366076826 0.06969850983953 -0.09345005211564923 0.4651708072760899 0.418068864877138 
-0.0015855605136460443 -0.05274134924688954 1 0.010924393792557132 0.057183438082595725 -0.8010095803255479 -0.1781119411471493 -0.6293485969484031 -0.4859716228327609 
0.26691016399401074 0.036497544274098785 0.010924393792557132 1 -0.11987038821075818 0.08655247381280717 -0.14237400288835894 0.15575256055887335 0.12538134866262707 
-0.08330640764057623 -0.03579266366076826 0.057183438082595725 -0.11987038821075818 1 -0.052508690129872526 -0.12299809549852843 -0.03467790279734247 0.10315605365243909 
0.003242335412646594 0.06969850983953 -0.8010095803255479 0.08655247381280717 -0.052508690129872526 1 0.18971646693202446 0.7443304917374246 0.6158025275927614 
-0.10823699386047138 -0.09345005211564923 -0.1781119411471493 -0.14237400288835894 -0.12299809549852843 0.18971646693202446 1 0.1093621492925124 -0.025756101955858465 
0.27607656168323863 0.4651708072760899 -0.6293485969484031 0.15575256055887335 -0.03467790279734247 0.7443304917374246 0.1093621492925124 1 0.8488017750188567 
0.2562800334409944 0.418068864877138 -0.4859716228327609 0.12538134866262707 0.10315605365243909 0.6158025275927614 -0.025756101955858465 0.8488017750188567 1 

window=15
1 0.5874367391368088 0.03402665929671677 0.24452349298094866 0.16313015830102648 -0.4591033315122642 0.25589341027702667 0.21090205027993078 -0.01501533422481748 
0.5874367391368088 1 0.36802844502617554 0.5268004020022709 0.1739404280181975 -0.6332905114292695 0.20140816669944464 0.4079639202260372 -0.29304464662884383 
0.03402665929671677 0.36802844502617554 1 0.8130272348448913 0.24156168581857052 -0.2931135599978191 -0.006920343709837788 0.4318626160939223 -0.4400179192944482 
0.24452349298094866 0.5268004020022709 0.8130272348448913 1 0.37804058906443966 -0.3131224754090214 0.1097749219970939 0.4907661057448642 -0.32041984140618285 
0.16313015830102648 0.1739404280181975 0.24156168581857052 0.37804058906443966 1 -0.023799049710817942 0.08414656507550164 -0.1748656525730593 0.5545893379398136 
-0.4591033315122642 -0.6332905114292695 -0.2931135599978191 -0.3131224754090214 -0.023799049710817942 1 -0.04454469905491326 -0.20472370798187228 0.2540584606976453 
0.25589341027702667 0.20140816669944464 -0.006920343709837788 0.1097749219970939 0.08414656507550164 -0.04454469905491326 1 0.17041397889631768 0.01136678699654506 
0.21090205027993078 0.4079639202260372 0.4318626160939223 0.4907661057448642 -0.1748656525730593 -0.20472370798187228 0.17041397889631768 1 -0.5565455884720875 
-0.01501533422481748 -0.29304464662884383 -0.4400179192944482 -0.32041984140618285 0.5545893379398136 0.2540584606976453 0.01136678699654506 -0.5565455884720875 1 

window=16
1 0.948719331797308 0.7616641562842466 0.9163724845866047 0.6884770568533799 0.4723546040803233 0.1294488401366296 0.39933690716247866 -0.904074358573228 
0.948719331797308 1 0.7847819825213245 0.91946047492344 0.7157682148205764 0.5160351254677904 0.1643757006276133 0.41012365425893615 -0.9549865765636733 
0.7616641562842466 0.7847819825213245 1 0.8847948731090544 0.8875399692918557 0.5857089001997632 0.02745990998746003 0.378506318012216 -0.8201000794805672 
0.9163724845866047 0.91946047492344 0.8847948731090544 1 0.8288506242876734 0.5925419537141428 0.09029725940357287 0.48987598558963147 -0.9423451765399381 
0.6884770568533799 0.7157682148205764 0.8875399692918557 0.8288506242876734 1 0.5176557260717982 0.045598629065419366 0.2769595227950001 -0.7620539283623556 
0.4723546040803233 0.5160351254677904 0.5857089001997632 0.5925419537141428 0.5176557260717982 1 0.002998189470864473 0.6529781323875242 -0.5768254889953884 
0.1294488401366296 0.1643757006276133 0.02745990998746003 0.09029725940357287 0.045598629065419366 0.002998189470864473 1 -0.015758924238390898 -0.1538780572006397 
0.39933690716247866 0.41012365425893615 0.378506318012216 0.48987598558963147 0.2769595227950001 0.6529781323875242 -0.015758924238390898 1 -0.5297809681326995 
-0.904074358573228 -0.9549865765636733 -0.8201000794805672 -0.9423451765399381 -0.7620539283623556 -0.5768254889953884 -0.1538780572006397 -0.5297809681326995 1 

window=17
1 -0.2594781961350638 -0.06768201633800949 -0.06364065151507595 0.45402608787346965 0.027992444272992537 0.04147835691732244 0.2407114644074296 0.16410374174923176 
-0.2594781961350638 1 0.0057985259020697484 0.054689689153715075 -0.5851756270496903 0.03655818305778265 -0.1849302834115358 -0.4286564158619013 -0.6146278815162491 
-0.06768201633800949 0.0057985259020697484 1 0.7654329053637224 0.35941575546109195 0.7350429141847127 -0.07763814235262281 0.45518518203262104 -0.1659004575292429 
-0.06364065151507595 0.054689689153715075 0.7654329053637224 1 0.22844045834818247 0.8836223022565587 -0.06508787376378712 0.4401249632139724 -0.25750063774564613 
0.45402608787346965 -0.5851756270496903 0.35941575546109195 0.22844045834818247 1 0.31940878256495536 0.05978630981269296 0.6939064641516839 0.29118157850925214 
0.027992444272992537 0.03655818305778265 0.7350429141847127 0.8836223022565587 0.31940878256495536 1 -0.09997861835418703 0.574551981388638 -0.37959921544304653 
0.04147835691732244 -0.1849302834115358 -0.07763814235262281 -0.06508787376378712 0.05978630981269296 -0.09997861835418703 1 -0.06964932395307734 0.23591205120094413 
0.2407114644074296 -0.4286564158619013 0.45518518203262104 0.4401249632139724 0.6939064641516839 0.574551981388638 -0.06964932395307734 1 0.07027881778226394 
0.16410374174923176 -0.6146278815162491 -0.1659004575292429 -0.25750063774564613 0.29118157850925214 -0.37959921544304653 0.23591205120094413 0.07027881778226394 1 

window=19
1 -0.5563304051022238 0.5304977024701473 0.3684601333203816 -0.10722079694522955 -0.1483905058951424 0.1031740916041658 0.3649128053629159 0.5837902438914624 
-0.5563304051022238 1 0.05362210042307476 -0.5107240074398081 0.193622597637189 -0.061045110240096664 0.04638539053624202 -0.22550845154437563 -0.4684384995290201 
0.5304977024701473 0.05362210042307476 1 0.2020897119671578 -0.08307866273901703 -0.3750175183027398 0.11549337589577315 0.29105348708633555 0.42418098359460066 
0.3684601333203816 -0.5107240074398081 0.2020897119671578 1 -0.24750832788145807 -0.012016014815627332 0.056899609290981555 0.36779411854500965 0.5081281988377867 
-0.10722079694522955 0.193622597637189 -0.08307866273901703 -0.24750832788145807 1 0.05865722826688293 0.01463918582280129 -0.2234423347960317 -0.2538497407266362 
-0.1483905058951424 -0.061045110240096664 -0.3750175183027398 -0.012016014815627332 0.05865722826688293 1 -0.0436287100177729 -0.1315042575080497 -0.17741587307322562 
0.1031740916041658 0.04638539053624202 0.11549337589577315 0.056899609290981555 0.01463918582280129 -0.0436287100177729 1 0.094386320875608 0.003930509002385288 
0.3649128053629159 -0.22550845154437563 0.29105348708633555 0.36779411854500965 -0.2234423347960317 -0.1315042575080497 0.094386320875608 1 0.46199934582057034 
0.5837902438914624 -0.4684384995290201 0.42418098359460066 0.5081281988377867 -0.2538497407266362 -0.17741587307322562 0.003930509002385288 0.46199934582057034 1 

window=20
1 0.03307106632981447 0.8385828851736377 0.15238080191853767 0.058501234952632264 0.09391116793822 -0.19643260163606055 0.7127465786030032 0.45638768812596514 
0.03307106632981447 1 -0.0989682864132743 -0.626206781849466 -0.13729753995123054 -0.10847675411984065 0.04084062496704517 0.19689824722639718 0.2500169744576924 
0.8385828851736377 -0.0989682864132743 1 0.13821864629543268 0.1276118761649504 0.10831166881108399 -0.22618728249514955 0.7050399433519153 0.10579237308779597 
0.15238080191853767 -0.626206781849466 0.13821864629543268 1 0.10152117103864616 0.1902670503821056 -0.14715777183360124 -0.0008547295352498889 -0.01317632357652545 
0.058501234952632264 -0.13729753995123054 0.1276118761649504 0.10152117103864616 1 0.10517957221116364 -0.18455736153376973 0.0160594002950267 0.030718656500532456 
0.09391116793822 -0.10847675411984065 0.10831166881108399 0.1902670503821056 0.10517957221116364 1 -0.004395535505384683 0.010980140320654239 -0.012157888517630049 
-0.19643260163606055 0.04084062496704517 -0.22618728249514955 -0.14715777183360124 -0.18455736153376973 -0.004395535505384683 1 -0.26172850683604787 0.0827130957970094 
0.7127465786030032 0.19689824722639718 0.7050399433519153 -0.0008547295352498889 0.0160594002950267 0.010980140320654239 -0.26172850683604787 1 0.14751379251761076 
0.45638768812596514 0.2500169744576924 0.10579237308779597 -0.01317632357652545 0.030718656500532456 -0.012157888517630049 0.0827130957970094 0.14751379251761076 1 

window=21
1 -0.13847984143891545 -0.0535602498958003 -0.3263940300536557 -0.15119958260668712 0.06819343067452403 0.08461725068091148 -0.09782664848327924 -0.3505189493803507 
-0.13847984143891545 1 0.2525029085885605 -0.284216439453735 0.5747661503207786 -0.13895489070781994 0.15741454235438856 -0.12243197978360565 -0.08609424666642987 
-0.0535602498958003 0.2525029085885605 1 -0.13793326285485388 0.042820946789647374 0.01623338495114221 -0.008262487660239773 0.015536173094237512 -0.06476307673502367 
-0.3263940300536557 -0.284216439453735 -0.13793326285485388 1 -0.20803719671670348 -0.06512472826824825 -0.04944841013159971 -0.25089318176724584 -0.012801893589017769 
-0.15119958260668712 0.5747661503207786 0.042820946789647374 -0.20803719671670348 1 -0.08673728188979729 0.02205659385112957 0.029142426230620876 -0.09246464211769058 
0.06819343067452403 -0.13895489070781994 0.01623338495114221 -0.06512472826824825 -0.08673728188979729 1 -0.021755840656852463 0.10053368779147849 0.07303001876602135 
0.08461725068091148 0.15741454235438856 -0.008262487660239773 -0.04944841013159971 0.02205659385112957 -0.021755840656852463 1 -0.22907983715077934 -0.002631121509338495 
-0.09782664848327924 -0.12243197978360565 0.015536173094237512 -0.25089318176724584 0.029142426230620876 0.10053368779147849 -0.22907983715077934 1 0.021381675862633617 
-0.3505189493803507 -0.08609424666642987 -0.06476307673502367 -0.012801893589017769 -0.09246464211769058 0.07303001876602135 -0.002631121509338495 0.021381675862633617 1 

window=22
1 0.8247687019992742 0.1884624776440655 0.08986206120487901 0.23201459373726963 -0.06814092541496906 -0.31604920002277037 -0.2759960830730963 -0.28792367220853204 
0.8247687019992742 1 -0.02369511592892576 -0.0746751299578063 0.31045128437912894 -0.13651575318652512 -0.2519783009127457 -0.06732715513462256 -0.0436406752930524 
0.1884624776440655 -0.02369511592892576 1 0.5608952076025998 0.04023239558404275 0.16267145275188136 -0.42350276472410825 -0.8055239032784367 -0.9047798071956269 
0.08986206120487901 -0.0746751299578063 0.5608952076025998 1 -0.04879865846562926 0.13052867137769897 0.038364698796194245 -0.48950946705102905 -0.6288772735835308 
0.23201459373726963 0.31045128437912894 0.04023239558404275 -0.04879865846562926 1 -0.4164237486860813 -0.22335242436894967 -0.024726794775997665 -0.055221533528194096 
-0.06814092541496906 -0.13651575318652512 0.16267145275188136 0.13052867137769897 -0.4164237486860813 1 -0.004467875101997818 -0.14442641162698686 -0.1350832140349072 
-0.31604920002277037 -0.2519783009127457 -0.42350276472410825 0.038364698796194245 -0.22335242436894967 -0.004467875101997818 1 0.5767635844167546 0.4774355807117022 
-0.2759960830730963 -0.06732715513462256 -0.8055239032784367 -0.48950946705102905 -0.024726794775997665 -0.14442641162698686 0.5767635844167546 1 0.9156636779986889 
-0.28792367220853204 -0.0436406752930524 -0.9047798071956269 -0.6288772735835308 -0.055221533528194096 -0.1350832140349072 0.4774355807117022 0.9156636779986889 1 

window=24
1 -0.28842456541563505 -0.7190006860570055 0.4098715519914665 0.3742025797879208 -0.00013391560346520323 0.1587351907242712 -0.08691764862410077 0.790017878706242 
-0.28842456541563505 1 0.5426749942115411 -0.23446557586844835 -0.28584141754973774 -0.0005125794978487459 0.2841695890125987 -0.040426929834618215 -0.21251395498662984 
-0.7190006860570055 0.5426749942115411 1 -0.5525283214889486 -0.6612330549806452 -0.03613509041775591 -0.06047312373542601 -0.036404512166585315 -0.816860096219309 
0.4098715519914665 -0.23446557586844835 -0.5525283214889486 1 0.6533042046046247 -0.03855836695014304 -0.09457265717389719 0.1797133051915808 0.479733209159904 
0.3742025797879208 -0.28584141754973774 -0.6612330549806452 0.6533042046046247 1 -0.001933987234309092 0.12563464437948021 0.04710852640491949 0.6262415756430061 
-0.00013391560346520323 -0.0005125794978487459 -0.03613509041775591 -0.03855836695014304 -0.001933987234309092 1 0.004198201058766053 0.025341432970147685 -0.0028300426211843098 
0.1587351907242712 0.2841695890125987 -0.06047312373542601 -0.09457265717389719 0.12563464437948021 0.004198201058766053 1 -0.31929851383231084 0.42915683595382015 
-0.08691764862410077 -0.040426929834618215 -0.036404512166585315 0.1797133051915808 0.04710852640491949 0.025341432970147685 -0.31929851383231084 1 -0.22084820059103324 
0.790017878706242 -0.21251395498662984 -0.816860096219309 0.479733209159904 0.6262415756430061 -0.0028300426211843098 0.42915683595382015 -0.22084820059103324 1 

window=25
1 0.9151468194509772 -0.5102287949095021 -0.13903117664769282 0.7250848652585434 0.5094746449073498 -0.07096610555856629 0.34485579434474534 0.36537448002418826 
0.9151468194509772 1 -0.5459559881647442 -0.18544665053330386 0.7099798997448035 0.5309417816450954 -0.08113344377371566 0.20140130606341977 0.4164654812329817 
-0.5102287949095021 -0.5459559881647442 1 0.15479951333119485 -0.34189215057512395 -0.11272526824102577 0.07714702591507577 -0.008655734596086241 0.244616040864877 
-0.13903117664769282 -0.18544665053330386 0.15479951333119485 1 0.03288297750621537 -0.16933501720675204 0.039211147602076536 -0.2569573064525483 0.2577368132636696 
0.7250848652585434 0.7099798997448035 -0.34189215057512395 0.03288297750621537 1 0.5523250963881678 -0.03254822818619156 0.18855239148847328 0.39340720980734173 
0.5094746449073498 0.5309417816450954 -0.11272526824102577 -0.16933501720675204 0.5523250963881678 1 -0.02484800667171531 0.13961921345291226 0.5264156643369318 
-0.07096610555856629 -0.08113344377371566 0.07714702591507577 0.039211147602076536 -0.03254822818619156 -0.02484800667171531 1 -0.013131502233155672 -0.010635283562089502 
0.34485579434474534 0.20140130606341977 -0.008655734596086241 -0.2569573064525483 0.18855239148847328 0.13961921345291226 -0.013131502233155672 1 0.016172901970184665 
0.36537448002418826 0.4164654812329817 0.244616040864877 0.2577368132636696 0.39340720980734173 0.5264156643369318 -0.010635283562089502 0.016172901970184665 1 

window=26
1 -0.5400316046431122 -0.07963786772670788 -0.6540341051240165 0.46117754450602627 0.22676007988807473 0.22063079217533357 -0.7039911344592368 -0.758653921487439 
-0.5400316046431122 1 -0.08994661305005458 0.6680721962368419 -0.29542861064508685 -0.5361834144399077 -0.4673653381878713 0.4321013500826121 0.7727580457868254 
-0.07963786772670788 -0.08994661305005458 1 0.34702452500467257 -0.6426358035399627 -0.4712400879778149 -0.16795099117377016 0.18320408231135638 0.2700888382205173 
-0.6540341051240165 0.6680721962368419 0.34702452500467257 1 -0.719289699816486 -0.60011278936714 -0.4219762452046554 0.6755135626529777 0.8903793766324589 
0.46117754450602627 -0.29542861064508685 -0.6426358035399627 -0.719289699816486 1 0.5427392907442621 0.2499804230508383 -0.5578407585597583 -0.6555790731737885 
0.22676007988807473 -0.5361834144399077 -0.4712400879778149 -0.60011278936714 0.5427392907442621 1 0.5024395470841964 -0.16997799969447844 -0.5489019486476423 
0.22063079217533357 -0.4673653381878713 -0.16795099117377016 -0.4219762452046554 0.2499804230508383 0.5024395470841964 1 -0.012110940007643593 -0.4758347050525392 
-0.7039911344592368 0.4321013500826121 0.18320408231135638 0.6755135626529777 -0.5578407585597583 -0.16997799969447844 -0.012110940007643593 1 0.6660640709562292 
-0.758653921487439 0.7727580457868254 0.2700888382205173 0.8903793766324589 -0.6555790731737885 -0.5489019486476423 -0.4758347050525392 0.6660640709562292 1 

window=27
1 -0.35664865594191647 -0.1965460945185257 -0.0032042682218909892 -0.04693422547174737 -0.10151484127764605 0.20002509736628432 0.38730852932881604 0.28186342033405304 
-0.35664865594191647 1 -0.2140481036873085 0.03254939562771955 0.22387323449462015 0.1398928353444071 0.05852814438752234 -0.3250130720102646 -0.13407549536136745 
-0.1965460945185257 -0.2140481036873085 1 -0.025228176954591515 0.16409760112926813 -0.32059527613310124 -0.3286557514834497 0.48540741429704415 0.4670600274723536 
-0.0032042682218909892 0.03254939562771955 -0.025228176954591515 1 0.015543948158809533 0.4038629839270969 0.0016437686540476555 0.02786247003665782 0.028679200512263876 
-0.04693422547174737 0.22387323449462015 0.16409760112926813 0.015543948158809533 1 -0.06294508187032977 -0.24768043005237939 0.17798228041601383 0.2625154118581323 
-0.10151484127764605 0.1398928353444071 -0.32059527613310124 0.4038629839270969 -0.06294508187032977 1 0.12127911475793181 -0.15856763315797878 -0.13426697792105477 
0.20002509736628432 0.05852814438752234 -0.3286557514834497 0.0016437686540476555 -0.24768043005237939 0.12127911475793181 1 -0.19044175454876 -0.1481984417068523 
0.38730852932881604 -0.3250130720102646 0.48540741429704415 0.02786247003665782 0.17798228041601383 -0.15856763315797878 -0.19044175454876 1 0.9321485258866561 
0.28186342033405304 -0.13407549536136745 0.4670600274723536 0.028679200512263876 0.2625154118581323 -0.13426697792105477 -0.1481984417068523 0.9321485258866561 1 

window=28
1 0.7551104020547353 0.38622830765957544 -0.05883956664702027 -0.3090324838943675 -0.5847900315005508 -0.1702408824320121 -0.18398550446534445 -0.1314159807835896 
0.7551104020547353 1 0.5163480964899672 -0.12769924134594568 -0.4206296337621684 -0.408205398601114 -0.2547987066343861 -0.05087796914154558 0.037510953624090314 
0.38622830765957544 0.5163480964899672 1 0.020250872148239035 -0.4215043209510217 -0.3398002524513678 -0.44629331259563604 0.019857798734606427 0.14553598001587853 
-0.05883956664702027 -0.12769924134594568 0.020250872148239035 1 0.20731030863558328 -0.09116229543086843 -0.1635856334861236 -0.22469685980247514 -0.24737759756621133 
-0.3090324838943675 -0.4206296337621684 -0.4215043209510217 0.20731030863558328 1 0.34001407362412583 0.20583551315244036 0.07153854307479367 -0.015420721255396189 
-0.5847900315005508 -0.408205398601114 -0.3398002524513678 -0.09116229543086843 0.34001407362412583 1 0.3535806510926811 0.38042221179536073 0.3047464835942618 
-0.1702408824320121 -0.2547987066343861 -0.44629331259563604 -0.1635856334861236 0.20583551315244036 0.3535806510926811 1 -0.05657254876504487 -0.11159697383264093 
