window=0
1 0.46422206998896387 -0.05463181032597041 0.26410669610359355 0.012363473454987438 -0.07998773698112432 0.22001028021100458 0.05213356006066702 0.011702041501484945 
0.46422206998896387 1 0.11987189608394543 0.15666913244777933 -0.03250021731817368 -0.034018844298284424 0.08802859615084851 -0.019125332402240815 0.15811083629441464 
-0.05463181032597041 0.11987189608394543 1 0.12109168051485104 -0.0607845139199994 -0.11753482533539808 0.057839170817177266 -0.017510335407682726 0.016669052854792348 
0.26410669610359355 0.15666913244777933 0.12109168051485104 1 0.007663874363816317 -0.0814203185872859 0.0906116285189856 0.048502085104559854 0.21600948194594774 
0.012363473454987438 -0.03250021731817368 -0.0607845139199994 0.007663874363816317 1 0.013722830777167181 -0.0164355708481211 -0.018631239862131097 -0.03602998531153308 
-0.07998773698112432 -0.034018844298284424 -0.11753482533539808 -0.0814203185872859 0.013722830777167181 1 -0.09558834307081832 -0.07747592686574367 -0.027651864516965222 
0.22001028021100458 0.08802859615084851 0.057839170817177266 0.0906116285189856 -0.0164355708481211 -0.09558834307081832 1 -0.002391727482191527 0.17446943474069 
0.05213356006066702 -0.019125332402240815 -0.017510335407682726 0.048502085104559854 -0.018631239862131097 -0.07747592686574367 -0.002391727482191527 1 0.011265009248977184 
0.011702041501484945 0.15811083629441464 0.016669052854792348 0.21600948194594774 -0.03602998531153308 -0.027651864516965222 0.17446943474069 0.011265009248977184 1 

window=1
1 0.031274044979294126 -0.024432674977398674 -0.008779154253123629 -0.16221997930704682 0.02902032001460129 -0.028724079252467144 -0.0552413477516008 -0.08300239667953495 
0.031274044979294126 1 0.20497389934330693 0.15479463227320245 -0.03732739157656477 0.09642462414616561 -0.03780908150893254 0.02127526504100063 0.12984852897544485 
-0.024432674977398674 0.20497389934330693 1 0.17170468950804466 0.0543092950608136 0.0748528018312352 -0.018007243210126762 0.07229740499054774 -0.012332537211663126 
-0.008779154253123629 0.15479463227320245 0.17170468950804466 1 0.031144622981753384 0.04533468538173486 0.005872667739498358 0.07456160719321858 0.06196711445965012 
-0.16221997930704682 -0.03732739157656477 0.0543092950608136 0.031144622981753384 1 0.008406337667276066 0.08081384897918527 0.15354245358332702 0.24971968784890025 
0.02902032001460129 0.09642462414616561 0.0748528018312352 0.04533468538173486 0.008406337667276066 1 0.053963310727904515 0.020718929013309167 0.02513679903601421 
-0.028724079252467144 -0.03780908150893254 -0.018007243210126762 0.005872667739498358 0.08081384897918527 0.053963310727904515 1 -0.007342975865158652 0.14256581470327237 
-0.0552413477516008 0.02127526504100063 0.07229740499054774 0.07456160719321858 0.15354245358332702 0.020718929013309167 -0.007342975865158652 1 0.06719915140831335 
-0.08300239667953495 0.12984852897544485 -0.012332537211663126 0.06196711445965012 0.24971968784890025 0.02513679903601421 0.14256581470327237 0.06719915140831335 1 

window=2
1 0.020047146893224035 0.16779537277069823 0.04352774661655246 -0.07632310818639144 0.00302510971495018 0.06307386780454827 0.0888164365956017 -0.014400126123949576 
0.020047146893224035 1 -0.014264888682644361 0.08381745725548888 -0.10057183846110612 0.01368369967411081 -0.013605056505129972 0.07299792741313689 -0.003589871393599385 
0.16779537277069823 -0.014264888682644361 1 -0.0514732658441096 -0.036117252985372626 -0.011128482867671027 0.029474641922035656 -0.15057342526278164 0.021133581120254395 
0.04352774661655246 0.08381745725548888 -0.0514732658441096 1 -0.04086327773357149 -0.08333450003799506 0.05219767115845345 0.04329471351899784 -0.07351809427807308 
-0.07632310818639144 -0.10057183846110612 -0.036117252985372626 -0.04086327773357149 1 -0.13350148021021593 -0.11361678564289164 -0.0057144665933820974 0.1109426632397625 
0.00302510971495018 0.01368369967411081 -0.011128482867671027 -0.08333450003799506 -0.13350148021021593 1 -0.1559468144763752 -0.007346681165987269 0.1091312816384594 
0.06307386780454827 -0.013605056505129972 0.029474641922035656 0.05219767115845345 -0.11361678564289164 -0.1559468144763752 1 -0.05853096955798725 -0.10898365069422886 
0.0888164365956017 0.07299792741313689 -0.15057342526278164 0.04329471351899784 -0.0057144665933820974 -0.007346681165987269 -0.05853096955798725 1 -0.10544781270261092 
-0.014400126123949576 -0.003589871393599385 0.021133581120254395 -0.07351809427807308 0.1109426632397625 0.1091312816384594 -0.10898365069422886 -0.10544781270261092 1 

window=3
1 0.019270178671110538 0.017736310264219 0.1477863903019523 0.16908716061661216 0.06237075135264538 0.05118434204226854 -0.03693880003960541 -0.042287341193978936 
0.019270178671110538 1 0.04675560517615904 0.24793595843531965 0.08190673075550062 0.14803577168652368 -0.01574600667490322 -0.006676504627222104 0.07803041613705432 
0.017736310264219 0.04675560517615904 1 0.08664776839893508 0.009604995242190622 -0.028588331410342706 -0.06968300441222633 0.07710721761443433 0.09900074248513924 
0.1477863903019523 0.24793595843531965 0.08664776839893508 1 0.0901113737678666 0.06548819226488649 0.10743351391530812 0.06175291531146292 0.05000946426907261 
0.16908716061661216 0.08190673075550062 0.009604995242190622 0.0901113737678666 1 0.040756673756217644 -0.04214346635505206 -0.043521038667716075 -0.009745034209694255 
0.06237075135264538 0.14803577168652368 -0.028588331410342706 0.06548819226488649 0.040756673756217644 1 -0.04158436702208751 0.14800493522766373 -0.10385163624649815 
0.05118434204226854 -0.01574600667490322 -0.06968300441222633 0.10743351391530812 -0.04214346635505206 -0.04158436702208751 1 -0.031220775197258247 0.031508097273480855 
-0.03693880003960541 -0.006676504627222104 0.07710721761443433 0.06175291531146292 -0.043521038667716075 0.14800493522766373 -0.031220775197258247 1 0.15947881431708957 
-0.042287341193978936 0.07803041613705432 0.09900074248513924 0.05000946426907261 -0.009745034209694255 -0.10385163624649815 0.031508097273480855 0.15947881431708957 1 

window=4
1 0.03903912372844831 0.06284562429520281 0.027651885600676086 -0.07803350074618301 0.016794060573780602 -0.012735144104425005 -0.04156267883750128 0.019335389325790618 
0.03903912372844831 1 0.0615934758266605 0.01619530733073602 -0.01238335125641908 -0.03408910225340705 -0.06882319077262075 -0.07424142087506148 -0.04809755727685554 
0.06284562429520281 0.0615934758266605 1 -0.09005851884915868 0.11536639493884861 -0.026642765447404668 -0.02036137100983867 -0.004409915926045662 -0.019714776633968728 
0.027651885600676086 0.01619530733073602 -0.09005851884915868 1 -0.00831032562599678 -0.17946846713711087 0.06727448110600583 -0.017897901510539455 -0.07500929719502213 
-0.07803350074618301 -0.01238335125641908 0.11536639493884861 -0.00831032562599678 1 -0.25090127263365936 -0.08156085860684434 -0.04096540136073715 -0.0400564965256565 
0.016794060573780602 -0.03408910225340705 -0.026642765447404668 -0.17946846713711087 -0.25090127263365936 1 0.1008468008588924 0.06185883788515567 -0.07846126531521645 
-0.012735144104425005 -0.06882319077262075 -0.02036137100983867 0.06727448110600583 -0.08156085860684434 0.1008468008588924 1 0.014152961748498243 0.028378514703922872 
-0.04156267883750128 -0.07424142087506148 -0.004409915926045662 -0.017897901510539455 -0.04096540136073715 0.06185883788515567 0.014152961748498243 1 0.29197234682778733 
0.019335389325790618 -0.04809755727685554 -0.019714776633968728 -0.07500929719502213 -0.0400564965256565 -0.07846126531521645 0.028378514703922872 0.29197234682778733 1 

window=5
1 0.345789543588425 -0.15401452791080364 -0.10768164381817069 0.006965057088038273 -0.17754402093719712 -0.07631880978007956 -0.05689110658938923 0.07220280780393083 
0.345789543588425 1 0.09035241892903345 -0.09193473404953553 -0.08057060583662976 -0.06953280340101753 0.0037202211799527356 -0.09309945843871915 -0.02809913670231535 
-0.15401452791080364 0.09035241892903345 1 0.0017487476806879014 -0.02532921969323723 0.0827632412740148 0.07963146086199338 -0.04189578660376598 -0.039734158562548534 
-0.10768164381817069 -0.09193473404953553 0.0017487476806879014 1 0.23174430621097084 0.09595249593721138 -0.03096082661183486 -0.02309674872040699 -0.09664238575593341 
0.006965057088038273 -0.08057060583662976 -0.02532921969323723 0.23174430621097084 1 0.048927268446549536 0.17862423650395332 0.05785689238765627 0.06394055904683438 
-0.17754402093719712 -0.06953280340101753 0.0827632412740148 0.09595249593721138 0.048927268446549536 1 0.1642156057845081 0.07496433132551356 0.10393498329051928 
-0.07631880978007956 0.0037202211799527356 0.07963146086199338 -0.03096082661183486 0.17862423650395332 0.1642156057845081 1 -0.04968796478826688 -0.016306893077359334 
-0.05689110658938923 -0.09309945843871915 -0.04189578660376598 -0.02309674872040699 0.05785689238765627 0.07496433132551356 -0.04968796478826688 1 -0.032077828257896644 
0.07220280780393083 -0.02809913670231535 -0.039734158562548534 -0.09664238575593341 0.06394055904683438 0.10393498329051928 -0.016306893077359334 -0.032077828257896644 1 

window=7
1 -0.04741906377480495 -0.004371915396009277 0.03995831369607877 -0.08802499899935569 -0.01122192993810167 0.010462164125975589 0.008807938864079925 0.08161356145991161 
-0.04741906377480495 1 0.07022075107417106 -0.0024027854352015906 -0.031212374630517317 0.025914042101149032 0.0663104558416066 0.02168924739966424 -0.06678042399179619 
-0.004371915396009277 0.07022075107417106 1 -0.09053180950071091 -0.10820263213556683 0.004885951672485268 0.07268112767355993 -0.09164376583063596 -0.022942089761452678 
0.03995831369607877 -0.0024027854352015906 -0.09053180950071091 1 0.09368681469077156 -0.0019029269170348832 -0.014704532413074503 0.040712526534630124 -0.003288592951880772 
-0.08802499899935569 -0.031212374630517317 -0.10820263213556683 0.09368681469077156 1 -0.20016170249806484 -0.0679573007837435 -0.09078355963145766 0.13898542887108248 
-0.01122192993810167 0.025914042101149032 0.004885951672485268 -0.0019029269170348832 -0.20016170249806484 1 0.09215733619774989 0.08562821265349571 0.12457841349650028 
0.010462164125975589 0.0663104558416066 0.07268112767355993 -0.014704532413074503 -0.0679573007837435 0.09215733619774989 1 0.0051652000844263045 0.06721915804629047 
0.008807938864079925 0.02168924739966424 -0.09164376583063596 0.040712526534630124 -0.09078355963145766 0.08562821265349571 0.0051652000844263045 1 -0.03173568089877524 
0.08161356145991161 -0.06678042399179619 -0.022942089761452678 -0.003288592951880772 0.13898542887108248 0.12457841349650028 0.06721915804629047 -0.03173568089877524 1 

window=8
1 -0.05250548355075703 -0.041200043585887254 -0.048737153418641516 -0.06416183122170645 -0.0631266829312502 0.07413049809227652 -0.010795979596420117 0.01005568607481815 
-0.05250548355075703 1 0.047567972995286936 -0.023437207190582027 0.1527646203319717 0.005953453605076472 0.14727521113100084 0.03869977186446196 0.09284041499532907 
-0.041200043585887254 0.047567972995286936 1 -0.018525001424935083 0.12084931941879772 -0.005000569299927996 -0.1710945552729229 0.01136416315034549 -0.016148711972902265 
-0.048737153418641516 -0.023437207190582027 -0.018525001424935083 1 0.06312754036480799 -0.014637796027190791 -0.003303922985764161 -0.0038504352294333865 -0.02479181112649854 
-0.06416183122170645 0.1527646203319717 0.12084931941879772 0.06312754036480799 1 -0.020952629044743473 -0.016735406306145922 -0.014480831349624104 -0.02701145622435951 
-0.0631266829312502 0.005953453605076472 -0.005000569299927996 -0.014637796027190791 -0.020952629044743473 1 -0.032972522106342834 -0.16666732498467823 -0.00038666504474304587 
0.07413049809227652 0.14727521113100084 -0.1710945552729229 -0.003303922985764161 -0.016735406306145922 -0.032972522106342834 1 0.048488021891086135 -0.024034346514748794 
-0.010795979596420117 0.03869977186446196 0.01136416315034549 -0.0038504352294333865 -0.014480831349624104 -0.16666732498467823 0.048488021891086135 1 -0.007329685223479688 
0.01005568607481815 0.09284041499532907 -0.016148711972902265 -0.02479181112649854 -0.02701145622435951 -0.00038666504474304587 -0.024034346514748794 -0.007329685223479688 1 

window=9
1 -0.12468734688436665 0.00982625543398405 -0.14507411703471315 -0.019983307892625427 0.02680029826556372 0.06514133915618832 -0.010035466853657643 0.01886398276624094 
-0.12468734688436665 1 0.0062083418174597145 0.030045781590147695 -0.00865401626940634 -0.006862773050148444 0.005737547875871671 -0.05946297680153343 0.11310251377624184 
0.00982625543398405 0.0062083418174597145 1 -0.00829763434806851 -0.07423606712360552 0.09765454780324433 0.06995853553999556 0.09357136793900127 0.0832866687358333 
-0.14507411703471315 0.030045781590147695 -0.00829763434806851 1 -0.03093955817990131 -0.052226930951358407 0.05040587753554035 0.06960823467908493 0.009564348243414417 
-0.019983307892625427 -0.00865401626940634 -0.07423606712360552 -0.03093955817990131 1 -0.1074993716993102 0.019149561751354266 -0.03951095221051958 -0.08632319591937522 
0.02680029826556372 -0.006862773050148444 0.09765454780324433 -0.052226930951358407 -0.1074993716993102 1 0.061375176174929685 -0.1360266778748875 -0.11873268500943682 
0.06514133915618832 0.005737547875871671 0.06995853553999556 0.05040587753554035 0.019149561751354266 0.061375176174929685 1 0.02519306176401578 0.11016940607993789 
-0.010035466853657643 -0.05946297680153343 0.09357136793900127 0.06960823467908493 -0.03951095221051958 -0.1360266778748875 0.02519306176401578 1 0.22304962741730322 
0.01886398276624094 0.11310251377624184 0.0832866687358333 0.009564348243414417 -0.08632319591937522 -0.11873268500943682 0.11016940607993789 0.22304962741730322 1 

window=10
1 -0.07785909469167053 0.0612455036427033 0.18069352054732657 0.23206944778881147 0.11926288937758037 0.06272928774072506 0.018476667632166866 -0.08479176937197103 
-0.07785909469167053 1 -0.08761846518629118 -0.05161735562124251 -0.11085800759589091 -0.16993705553757982 0.1107487195371859 0.13214937710236208 -0.10725443913298074 
0.0612455036427033 -0.08761846518629118 1 0.047436951054464015 0.019893510975425268 0.008242911974758994 0.03907862063084625 0.07861962359579584 -0.07849121245031945 
0.18069352054732657 -0.05161735562124251 0.047436951054464015 1 0.27797991058112115 0.2061280497651892 -0.11952645733523079 0.013712508705984219 -0.0007139302151654242 
0.23206944778881147 -0.11085800759589091 0.019893510975425268 0.27797991058112115 1 0.030292946479333647 -0.06265464300501133 -0.050409773036501626 0.0036804661758197224 
0.11926288937758037 -0.16993705553757982 0.008242911974758994 0.2061280497651892 0.030292946479333647 1 -0.12812045245000428 0.11145064036221942 0.0660660955904167 
0.06272928774072506 0.1107487195371859 0.03907862063084625 -0.11952645733523079 -0.06265464300501133 -0.12812045245000428 1 0.09410695206846253 0.030855287416598518 
0.018476667632166866 0.13214937710236208 0.07861962359579584 0.013712508705984219 -0.050409773036501626 0.11145064036221942 0.09410695206846253 1 -0.25152392041219246 
-0.08479176937197103 -0.10725443913298074 -0.07849121245031945 -0.0007139302151654242 0.0036804661758197224 0.0660660955904167 0.030855287416598518 -0.25152392041219246 1 

window=11
1 -0.07421703445359372 0.08912915440496258 0.14687506057714422 -0.11075473117093587 -0.04998069862888881 -0.0394594166609313 0.024353223488496625 0.024113771032577218 
-0.07421703445359372 1 0.19036747655953515 0.1564966584404786 -0.06530874846938439 0.05409196911801005 -0.03896385077647922 -0.08476165703207274 0.06053214314306314 
0.08912915440496258 0.19036747655953515 1 0.046989973789814045 -0.030986186565740956 0.08583551825977927 -0.11035545174552443 -0.021970345960109612 -0.009796121429117007 
0.14687506057714422 0.1564966584404786 0.046989973789814045 1 0.07219990078218382 -0.17913143932891565 -0.15710392203960935 0.057779296247549586 0.12332310471865252 
-0.11075473117093587 -0.06530874846938439 -0.030986186565740956 0.07219990078218382 1 -0.25873550828042596 -0.014552192613802339 -0.03547055081225041 -0.022221372263193748 
-0.04998069862888881 0.05409196911801005 0.08583551825977927 -0.17913143932891565 -0.25873550828042596 1 0.08767689336352312 -0.0509031370072054 0.005098616245631702 
-0.0394594166609313 -0.03896385077647922 -0.11035545174552443 -0.15710392203960935 -0.014552192613802339 0.08767689336352312 1 0.030069500866986718 -0.10595021911501859 
0.024353223488496625 -0.08476165703207274 -0.021970345960109612 0.057779296247549586 -0.03547055081225041 -0.0509031370072054 0.030069500866986718 1 -0.0024055812274440622 
0.024113771032577218 0.06053214314306314 -0.009796121429117007 0.12332310471865252 -0.022221372263193748 0.005098616245631702 -0.10595021911501859 -0.0024055812274440622 1 

window=12
1 -0.2196722931984097 0.16375674555699316 0 0.03471320366255686 0.00490750342315456 -0.1008898269799289 -0.04873762374810157 -0.044819752663101155 
-0.2196722931984097 1 0.07390825940149187 0 0.09316511631559411 -0.009567932214901717 -0.030994042035032154 0.03753021754455575 0.008859575181545745 
0.16375674555699316 0.07390825940149187 1 0 -0.10926572277058931 -0.016771707144314377 -0.15277892268600965 0.030538409321216826 0.0512453749723131 
0 0 0 1 0 0 0 0 0 
0.03471320366255686 0.09316511631559411 -0.10926572277058931 0 1 0.12175842153804077 -0.11580443771126236 -0.05636929254252489 0.08251299467157491 
0.00490750342315456 -0.009567932214901717 -0.016771707144314377 0 0.12175842153804077 1 0.08637584152805801 -0.05662286618721561 -0.021739779645342534 
-0.1008898269799289 -0.030994042035032154 -0.15277892268600965 0 -0.11580443771126236 0.08637584152805801 1 -0.047055909688415824 0.040813637139198326 
-0.04873762374810157 0.03753021754455575 0.030538409321216826 0 -0.05636929254252489 -0.05662286618721561 -0.047055909688415824 1 0.09729541725316083 
-0.044819752663101155 0.008859575181545745 0.0512453749723131 0 0.08251299467157491 -0.021739779645342534 0.040813637139198326 0.09729541725316083 1 

window=13
1 -0.21416600355753931 -0.04261923754897832 0.26245152332082755 0.08963238744397006 0.011848229003590194 0.04663925060960013 -0.033926450986635576 0.03531473429057546 
-0.21416600355753931 1 0.0961043987059257 -0.0074099394190724425 0.08680838384682868 -0.054794961887178285 0.08642607798714919 -0.0020148577667916147 -0.015290691597294959 
-0.04261923754897832 0.0961043987059257 1 -0.011108613055634119 -8.40690566680634e-05 0.007562226323253196 0.09017612157416864 0.07222537957181485 -0.052888527140349174 
0.26245152332082755 -0.0074099394190724425 -0.011108613055634119 1 0.14930942878718453 -0.06744619450506695 -0.01822406979953726 -0.03446844929794938 -0.009361046688902613 
0.08963238744397006 0.08680838384682868 -8.40690566680634e-05 0.14930942878718453 1 0.04177697501060836 -0.10850723944758336 -0.13052254042997335 0.14700690166095493 
0.011848229003590194 -0.054794961887178285 0.007562226323253196 -0.06744619450506695 0.04177697501060836 1 -0.06680687767469608 -0.02221973241221083 -0.0355818985447542 
0.04663925060960013 0.08642607798714919 0.09017612157416864 -0.01822406979953726 -0.10850723944758336 -0.06680687767469608 1 0.06307421078098588 0.1458361015162068 
-0.033926450986635576 -0.0020148577667916147 0.07222537957181485 -0.03446844929794938 -0.13052254042997335 -0.02221973241221083 0.06307421078098588 1 -0.17775429178318244 
0.03531473429057546 -0.015290691597294959 -0.052888527140349174 -0.009361046688902613 0.14700690166095493 -0.0355818985447542 0.1458361015162068 -0.17775429178318244 1 

window=14
1 -0.046670611123166415 -0.03080975770028525 -0.07620338695459068 -0.09392104666381676 0.056830289255648384 -0.08891781089059632 -0.012897249416593395 -0.06683756395014935 
-0.046670611123166415 1 0.040969473884241124 0.10738478218782507 0.12212324877343973 -0.19435690465377542 0.15434624041272024 -0.0022669691970782866 -0.03302934067424056 
-0.03080975770028525 0.040969473884241124 1 -0.040160718020944716 0.02917320523465423 -0.20733266237081865 0.16123557701622696 -0.05271390571419332 0.0716202237084231 
-0.07620338695459068 0.10738478218782507 -0.040160718020944716 1 0.20940485488585492 -0.11411813033120373 0.10036355766189622 0.003307215559015649 -0.010277523919722063 
-0.09392104666381676 0.12212324877343973 0.02917320523465423 0.20940485488585492 1 -0.17977095496065285 0.2718134114616 0.07034380440760064 -0.06531254893340901 
0.056830289255648384 -0.19435690465377542 -0.20733266237081865 -0.11411813033120373 -0.17977095496065285 1 -0.4163243577308323 -0.04114936609929542 0.05252323210292042 
-0.08891781089059632 0.15434624041272024 0.16123557701622696 0.10036355766189622 0.2718134114616 -0.4163243577308323 1 -0.06555383941229946 -0.12063038546003474 
-0.012897249416593395 -0.0022669691970782866 -0.05271390571419332 0.003307215559015649 0.07034380440760064 -0.04114936609929542 -0.06555383941229946 1 -0.01563861904744492 
-0.06683756395014935 -0.03302934067424056 0.0716202237084231 -0.010277523919722063 -0.06531254893340901 0.05252323210292042 -0.12063038546003474 -0.01563861904744492 1 

window=15
1 0.04585215995670439 0.028663190862584977 -0.0970779782899022 -0.04344968379314006 0.13609255557120103 -0.0534870074776426 0.06372967878291852 0.008104452806066316 
0.04585215995670439 1 0.01756347258735135 0.03442968287903194 -0.04920963386937434 -0.03840617878582385 -0.05587913935580357 0.21408242999143612 0.03714311079341688 
0.028663190862584977 0.01756347258735135 1 -0.04029675416088758 0.08727349052415631 0.014850450555489347 -0.024421370043127305 -0.09182619044751998 -0.024965647326401618 
-0.0970779782899022 0.03442968287903194 -0.04029675416088758 1 0.020954811132145954 -0.13350154622223415 0.01041216894759409 0.022458577721824056 -0.015701927791157647 
-0.04344968379314006 -0.04920963386937434 0.08727349052415631 0.020954811132145954 1 -0.01949065470747616 -0.03207134088291451 0.02005927136309068 -0.01430891578727323 
0.13609255557120103 -0.03840617878582385 0.014850450555489347 -0.13350154622223415 -0.01949065470747616 1 0.06107402936397474 -0.06744950621437741 0.04001150273485454 
-0.0534870074776426 -0.05587913935580357 -0.024421370043127305 0.01041216894759409 -0.03207134088291451 0.06107402936397474 1 0.04548160560780609 0.0396878026945884 
0.06372967878291852 0.21408242999143612 -0.09182619044751998 0.022458577721824056 0.02005927136309068 -0.06744950621437741 0.04548160560780609 1 0.10304550879976396 
0.008104452806066316 0.03714311079341688 -0.024965647326401618 -0.015701927791157647 -0.01430891578727323 0.04001150273485454 0.0396878026945884 0.10304550879976396 1 

window=16
1 -0.012790231925349798 0.032032533728609 0.09670867043946509 0.03004784439237928 -0.012658936509806474 0.09830949005123811 0.11325638618105796 0.009382137490457321 
-0.012790231925349798 1 0.15809272724256462 -0.17809577688682773 -0.14949530191966456 -0.012291819345100416 -0.01844263530071848 -0.008267703760571581 0.07952817819820333 
0.032032533728609 0.15809272724256462 1 -0.040098216954464534 -0.11409142625603193 -0.0236446574677197 -0.04194414836514621 0.04406667537823934 0.06715863138185561 
0.09670867043946509 -0.17809577688682773 -0.040098216954464534 1 -0.00696499303360987 -0.08934411146537513 -0.023995412659048764 0.0648774224603289 -0.004224867397171349 
0.03004784439237928 -0.14949530191966456 -0.11409142625603193 -0.00696499303360987 1 -0.04469887483382119 0.041758737376098976 -0.06284225146415451 -0.06942601977538061 
-0.012658936509806474 -0.012291819345100416 -0.0236446574677197 -0.08934411146537513 -0.04469887483382119 1 -0.0024495308125246666 0.04066320990836231 -0.25166816315447593 
0.09830949005123811 -0.01844263530071848 -0.04194414836514621 -0.023995412659048764 0.041758737376098976 -0.0024495308125246666 1 -0.008830323325380807 0.043607009425084824 
0.11325638618105796 -0.008267703760571581 0.04406667537823934 0.0648774224603289 -0.06284225146415451 0.04066320990836231 -0.008830323325380807 1 0.04939409785592234 
0.009382137490457321 0.07952817819820333 0.06715863138185561 -0.004224867397171349 -0.06942601977538061 -0.25166816315447593 0.043607009425084824 0.04939409785592234 1 

window=17
1 -0.018815477494453968 0.021953443693530274 -0.06949105524165819 -0.04041053873587791 0.021584301271011224 0.1752867499086498 0.07515107033162619 -0.14730437517251788 
-0.018815477494453968 1 0.06442795042217582 0.08826310795241551 0.0023467642502986224 -0.02196961306002017 0.09853461656907984 0.008788774192852497 0.018431236084170816 
0.021953443693530274 0.06442795042217582 1 0.05045890582879447 0.03856191559513624 -0.05329494883894502 -0.018700806580156916 0.08446675737428981 -0.06050673458572106 
-0.06949105524165819 0.08826310795241551 0.05045890582879447 1 -0.09010214718873921 0.22958241371435475 -0.09159530134375227 -0.15350887355984555 0.10626032597241714 
-0.04041053873587791 0.0023467642502986224 0.03856191559513624 -0.09010214718873921 1 -0.0036183859984671623 0.09491950255176852 0.1333620016250435 -0.06326147816338891 
0.021584301271011224 -0.02196961306002017 -0.05329494883894502 0.22958241371435475 -0.0036183859984671623 1 -0.11839546873369099 -0.18884675554545058 0.051626473294724425 
0.1752867499086498 0.09853461656907984 -0.018700806580156916 -0.09159530134375227 0.09491950255176852 -0.11839546873369099 1 0.1657234366457058 -0.03563588495031801 
0.07515107033162619 0.008788774192852497 0.08446675737428981 -0.15350887355984555 0.1333620016250435 -0.18884675554545058 0.1657234366457058 1 -0.14153908861932443 
-0.14730437517251788 0.018431236084170816 -0.06050673458572106 0.10626032597241714 -0.06326147816338891 0.051626473294724425 -0.03563588495031801 -0.14153908861932443 1 

window=18
1 -0.20493175786601034 0.22240973204854364 -0.07311420699563276 -0.033204611530627315 -0.04765154560987391 0.10376419044441555 0.04150780228041965 0.03943675372403134 
-0.20493175786601034 1 -0.01684151520924833 0.12441672208406564 -0.04852745715762215 0.1290558436217974 0.05742606333384325 -0.042000574869544186 -0.1114662260561545 
0.22240973204854364 -0.01684151520924833 1 0.004340600033936004 -0.16920706222005738 -0.11075514354374105 0.01372068142694781 0.09619056841174556 -0.023652731332639194 
-0.07311420699563276 0.12441672208406564 0.004340600033936004 1 -0.09941548497600071 -0.17714631086161942 -0.07215845853185773 0.14076508105584418 -0.012201020075052561 
-0.033204611530627315 -0.04852745715762215 -0.16920706222005738 -0.09941548497600071 1 0.10372975959081249 -0.013911649856677958 -0.0644258595640963 0.10157067384036912 
-0.04765154560987391 0.1290558436217974 -0.11075514354374105 -0.17714631086161942 0.10372975959081249 1 0.09995601591728316 -0.0701910889781418 0.09697523932712535 
0.10376419044441555 0.05742606333384325 0.01372068142694781 -0.07215845853185773 -0.013911649856677958 0.09995601591728316 1 -0.007016405394574454 0.03316891995457787 
0.04150780228041965 -0.042000574869544186 0.09619056841174556 0.14076508105584418 -0.0644258595640963 -0.0701910889781418 -0.007016405394574454 1 -0.16254216304022467 
0.03943675372403134 -0.1114662260561545 -0.023652731332639194 -0.012201020075052561 0.10157067384036912 0.09697523932712535 0.03316891995457787 -0.16254216304022467 1 

window=19
1 -0.039622018471623076 0.09165925372956464 0.37003657542075097 0.07477204884765651 -0.19175863648189062 0.1961451784009524 0.016760792786939677 0.019878027819132022 
-0.039622018471623076 1 -0.015557199599828453 0.013892619533017332 0.3061797446605505 0.01266973630731777 0.10975077927914043 0.05685818711869948 -0.024112423496936874 
0.09165925372956464 -0.015557199599828453 1 -0.009724887989002224 0.01186531508604216 0.02352737695795449 -0.010478168754287382 0.07780983515005041 0.09825362726593632 
0.37003657542075097 0.013892619533017332 -0.009724887989002224 1 -0.04908008774961435 -0.029099256541117828 0.27710105947125896 0.06759938574658995 0.1543052739955678 
0.07477204884765651 0.3061797446605505 0.01186531508604216 -0.04908008774961435 1 -0.03731476140903133 0.17337610074609133 -0.0332478519007142 -0.038686732047390496 
-0.19175863648189062 0.01266973630731777 0.02352737695795449 -0.029099256541117828 -0.03731476140903133 1 -0.38316596692551247 0.017425089205371884 0.3181144152800473 
0.1961451784009524 0.10975077927914043 -0.010478168754287382 0.27710105947125896 0.17337610074609133 -0.38316596692551247 1 -0.16054874413565845 -0.015961101764082136 
0.016760792786939677 0.05685818711869948 0.07780983515005041 0.06759938574658995 -0.0332478519007142 0.017425089205371884 -0.16054874413565845 1 0.13925645977315199 
0.019878027819132022 -0.024112423496936874 0.09825362726593632 0.1543052739955678 -0.038686732047390496 0.3181144152800473 -0.015961101764082136 0.13925645977315199 1 

window=20
1 -0.29274638114166823 -0.00069603513855388 -0.01947515272455359 0.014585811440315363 0.03896793334202857 -0.20969712905340795 -0.0485355633250391 -0.023295825705238533 
-0.29274638114166823 1 0.04125439823049913 0.008863690972997707 -0.029983155205387666 -0.0426142920920942 0.19624614536159055 -0.0958933990460885 -0.02596421412509239 
-0.00069603513855388 0.04125439823049913 1 -0.0012484234932139092 0.010519630049719852 0.06694282088716104 0.06908560263900611 -0.07574010283989875 -0.025221750414667912 
-0.01947515272455359 0.008863690972997707 -0.0012484234932139092 1 -0.04303842374982508 0.05808804946538049 -0.11509663149131205 -0.03348964819771513 -0.041139955014094315 
0.014585811440315363 -0.029983155205387666 0.010519630049719852 -0.04303842374982508 1 -0.11269698732341203 -0.003771899028038626 -0.13656517882910518 -0.06428616725272208 
0.03896793334202857 -0.0426142920920942 0.06694282088716104 0.05808804946538049 -0.11269698732341203 1 0.0876126200352229 0.20145755942545526 -0.36567692027431004 
-0.20969712905340795 0.19624614536159055 0.06908560263900611 -0.11509663149131205 -0.003771899028038626 0.0876126200352229 1 -0.01985471437669795 -0.0055403271626624844 
-0.0485355633250391 -0.0958933990460885 -0.07574010283989875 -0.03348964819771513 -0.13656517882910518 0.20145755942545526 -0.01985471437669795 1 -0.03514883554058248 
-0.023295825705238533 -0.02596421412509239 -0.025221750414667912 -0.041139955014094315 -0.06428616725272208 -0.36567692027431004 -0.0055403271626624844 -0.03514883554058248 1 

window=22
1 0.26742833451082326 0.2669677375875432 0.10233177941631175 0.022552987964168294 0.011916248128694849 -0.12481241023546517 0.012375077057802652 0.015843575705003884 
0.26742833451082326 1 0.08202622380194757 0.16854056985576055 0.1048775430175773 0.08513712679984599 -0.025782870863766943 -0.01738805691455731 0.03623402405414544 
0.2669677375875432 0.08202622380194757 1 0.09392143320706159 -0.01285386708099196 -0.019394733363622373 0.03489257550252635 -0.02060598346959598 -0.014631789119178115 
0.10233177941631175 0.16854056985576055 0.09392143320706159 1 0.10120158602936073 -0.02495803564954331 0.061087950558354975 -0.006509481577215888 0.10581818303195503 
0.022552987964168294 0.1048775430175773 -0.01285386708099196 0.10120158602936073 1 -0.012087410707359745 -0.14490795163147416 -0.011285180932112466 0.010778517318313825 
0.011916248128694849 0.08513712679984599 -0.019394733363622373 -0.02495803564954331 -0.012087410707359745 1 -0.007142980521932149 -0.03931738254297732 0.06255713570241223 
-0.12481241023546517 -0.025782870863766943 0.03489257550252635 0.061087950558354975 -0.14490795163147416 -0.007142980521932149 1 -0.13393334175207666 0.1717845947477027 
0.012375077057802652 -0.01738805691455731 -0.02060598346959598 -0.006509481577215888 -0.011285180932112466 -0.03931738254297732 -0.13393334175207666 1 -0.12068260108567797 
0.015843575705003884 0.03623402405414544 -0.014631789119178115 0.10581818303195503 0.010778517318313825 0.06255713570241223 0.1717845947477027 -0.12068260108567797 1 

window=23
1 0.030808173838182067 0.01884209869273307 -0.04288553434970778 -0.11192841187586411 0.09360423917091774 0.13311315295669382 0.06264359171443803 0.058710759198304686 
0.030808173838182067 1 -0.0033857544761848875 0.21428640019652154 0.29985743377975554 0.16369970078187193 0.28097523282075537 0.007880106119450591 -0.09821768855685047 
0.01884209869273307 -0.0033857544761848875 1 0.053399116557311645 0.02757784142658297 -0.0819496348808713 0.07872227904669717 0.0780192771188531 0.07011102905816304 
-0.04288553434970778 0.21428640019652154 0.053399116557311645 1 0.033458118472648624 0.0200667082851719 0.06532588232495123 0.050442838986710085 0.012113764067143628 
-0.11192841187586411 0.29985743377975554 0.02757784142658297 0.033458118472648624 1 0.2637912643854514 0.06594925505529753 -0.020337818774424272 -0.03317696900864613 
0.09360423917091774 0.16369970078187193 -0.0819496348808713 0.0200667082851719 0.2637912643854514 1 0.21083966793667624 -0.09291548775307379 -0.019604107225655677 
0.13311315295669382 0.28097523282075537 0.07872227904669717 0.06532588232495123 0.06594925505529753 0.21083966793667624 1 0.03417707383256876 -0.04677937451058891 
0.06264359171443803 0.007880106119450591 0.0780192771188531 0.050442838986710085 -0.020337818774424272 -0.09291548775307379 0.03417707383256876 1 -0.25770575485010755 
0.058710759198304686 -0.09821768855685047 0.07011102905816304 0.012113764067143628 -0.03317696900864613 -0.019604107225655677 -0.04677937451058891 -0.25770575485010755 1 

window=24
1 -0.11478681514643073 -0.015126850279091712 0.019677432626053475 -0.022673382410612706 0.029585847690456173 0.03231192383944809 -0.14790001709616676 0.011265391309535123 
-0.11478681514643073 1 -0.061357276885051715 0.1451481060860511 -0.04066028650799094 -0.003205356643579138 -0.008268771560938012 -0.0467702230581005 -0.02297483773493801 
-0.015126850279091712 -0.061357276885051715 1 -0.13356952899917593 0.0014516147977056875 0.018516281122395086 -0.014320018042400245 0.04830659957326272 0.23213828084284763 
0.019677432626053475 0.1451481060860511 -0.13356952899917593 1 -0.04156186425509378 0.13224025644650866 0.021060554241872653 0.01193607967938253 0.0935624363993573 
-0.022673382410612706 -0.04066028650799094 0.0014516147977056875 -0.04156186425509378 1 0.06573954938645689 0.023212029465264822 -0.08111782025144554 -0.05363958000112412 
0.029585847690456173 -0.003205356643579138 0.018516281122395086 0.13224025644650866 0.06573954938645689 1 0.3621807253549053 -0.07581104956291733 0.05478860293941447 
0.03231192383944809 -0.008268771560938012 -0.014320018042400245 0.021060554241872653 0.023212029465264822 0.3621807253549053 1 -0.06303968270433066 0.017637034814244317 
-0.14790001709616676 -0.0467702230581005 0.04830659957326272 0.01193607967938253 -0.08111782025144554 -0.07581104956291733 -0.06303968270433066 1 0.005710040712157885 
0.011265391309535123 -0.02297483773493801 0.23213828084284763 0.0935624363993573 -0.05363958000112412 0.05478860293941447 0.017637034814244317 0.005710040712157885 1 

window=25
1 0.15740024251696405 0.021244636477812582 0.024765814287301735 0.012775832299712096 0.011932500385657675 0.0052518095099549356 -0.031221036098310485 -0.06056172958437338 
0.15740024251696405 1 -0.281556791716657 -0.0445539464252316 -0.03666396101110227 -0.061761715918001454 0.09808062397595259 -0.03892846902666103 0.05915467080917849 
0.021244636477812582 -0.281556791716657 1 -0.10385032476641104 0.024971337974530484 0.03759034382284426 0.09737700440976867 -0.023136951318986694 0.11087872432893327 
0.024765814287301735 -0.0445539464252316 -0.10385032476641104 1 -0.04846998699682945 -0.0032183234194047934 0.05014519744387268 -0.0002326793629532437 0.0013403341461197791 
0.012775832299712096 -0.03666396101110227 0.024971337974530484 -0.04846998699682945 1 0.0062921187941944534 -0.05895348021117245 0.0016350616377249962 0.0642378027526208 
0.011932500385657675 -0.061761715918001454 0.03759034382284426 -0.0032183234194047934 0.0062921187941944534 1 -0.04417061819902685 0.02457257980546889 -0.07363411080061646 
0.0052518095099549356 0.09808062397595259 0.09737700440976867 0.05014519744387268 -0.05895348021117245 -0.04417061819902685 1 -0.018102424594066698 0.0441925303498733 
-0.031221036098310485 -0.03892846902666103 -0.023136951318986694 -0.0002326793629532437 0.0016350616377249962 0.02457257980546889 -0.018102424594066698 1 -0.05728995587956449 
-0.06056172958437338 0.05915467080917849 0.11087872432893327 0.0013403341461197791 0.0642378027526208 -0.07363411080061646 0.0441925303498733 -0.05728995587956449 1 

window=26
1 -0.03701256521062479 0.18903849094829014 -0.07316281841249735 -0.12022672489653113 0.010032330272743025 0.05453142093697228 0.0406372072344486 -0.202018842617852 
-0.03701256521062479 1 0.040632823123041575 0.2585161360564747 0.1405784112649455 0.026341988521645262 0.11828127278444811 -0.0294237959806789 -0.11366684932893198 
0.18903849094829014 0.040632823123041575 1 0.056430134465544 -0.02107372563282069 0.009768283590855645 -0.026506193791187575 0.006815357555239183 -0.027816759636006397 
-0.07316281841249735 0.2585161360564747 0.056430134465544 1 0.0310668789056308 0.1671306114373061 0.04208270435064844 -0.027891953557846468 -0.01096783258120854 
-0.12022672489653113 0.1405784112649455 -0.02107372563282069 0.0310668789056308 1 -0.0797670395219774 -0.14841487436282835 -0.0020663115169684693 0.016793535236045508 
0.010032330272743025 0.026341988521645262 0.009768283590855645 0.1671306114373061 -0.0797670395219774 1 0.09617396679095638 0.008871621517564161 0.002219337057359974 
0.05453142093697228 0.11828127278444811 -0.026506193791187575 0.04208270435064844 -0.14841487436282835 0.09617396679095638 1 0.0011102044474795756 -0.0012642231690825384 
0.0406372072344486 -0.0294237959806789 0.006815357555239183 -0.027891953557846468 -0.0020663115169684693 0.008871621517564161 0.0011102044474795756 1 0.15648315560545822 
-0.202018842617852 -0.11366684932893198 -0.027816759636006397 -0.01096783258120854 0.016793535236045508 0.002219337057359974 -0.0012642231690825384 0.15648315560545822 1 

window=27
1 -0.0510270242740835 -0.10975444408783556 -0.18058654776099417 -0.1416166553468586 -0.0012209459225321839 -0.07297776969144602 -0.014422686374037947 -0.04349384925584459 
-0.0510270242740835 1 0.031285886080405875 0.07317599623682307 0.05253667643960782 0.016820956961580456 -0.01290818264627187 -0.0749725692339508 -0.03183679396973925 
-0.10975444408783556 0.031285886080405875 1 0.05543158798721199 -0.011847351649833944 -0.043467159350282884 0.0957447126879375 0.10627870893714657 0.053492943321909354 
-0.18058654776099417 0.07317599623682307 0.05543158798721199 1 0.2049064382174868 -0.2386375674494867 0.22968928825870502 0.0323063939475641 0.02992549041159667 
-0.1416166553468586 0.05253667643960782 -0.011847351649833944 0.2049064382174868 1 -0.07795101649597608 0.0898320513397512 -0.06260293610739999 -0.08038028504179293 
-0.0012209459225321839 0.016820956961580456 -0.043467159350282884 -0.2386375674494867 -0.07795101649597608 1 -0.10753538449685239 -0.11489052064395888 0.022027480932108812 
-0.07297776969144602 -0.01290818264627187 0.0957447126879375 0.22968928825870502 0.0898320513397512 -0.10753538449685239 1 -0.09131908830295411 0.0066255078081125605 
-0.014422686374037947 -0.0749725692339508 0.10627870893714657 0.0323063939475641 -0.06260293610739999 -0.11489052064395888 -0.09131908830295411 1 -0.03610374461715587 
-0.04349384925584459 -0.03183679396973925 0.053492943321909354 0.02992549041159667 -0.08038028504179293 0.022027480932108812 0.0066255078081125605 -0.03610374461715587 1 

window=28
1 0.16963103073504462 -0.006239556201088377 -0.0855298975511135 0.02515093226056458 -0.07691259218880245 -0.013726702790082925 -0.02818825738817755 -0.07669627060969979 
0.16963103073504462 1 -0.049801777812188586 -0.05283355130117605 -0.016571235658108585 -0.08006297561626 0.0555948958933567 0.04997680522209933 0.025592585860066405 
-0.006239556201088377 -0.049801777812188586 1 -0.00929367943687352 -0.06669323214157816 0.10194051176688503 -0.03572996221880252 0.018032257339423166 -0.020795507867974048 
