window=0
1 -0.1897433933554834 0.016171989760924398 -0.11109004469769941 -0.0028025113376069447 -0.01822636423236542 -0.05418281871971276 0.19880712772584808 -0.14926973228093732 
-0.1897433933554834 1 0.11460676122963481 -0.03437424157249044 0.17568210880956583 0.1327513003001084 -0.0600795260684564 -0.054603275768068595 0.18090171707762145 
0.016171989760924398 0.11460676122963481 1 -0.030132751346597958 0.390178515129066 0.165614758513576 -0.04434098807419118 0.05302465793387867 0.16100885646581842 
-0.11109004469769941 -0.03437424157249044 -0.030132751346597958 1 -0.0714167605454706 0.3795543082448181 -0.15860160916677593 0.03805621674367602 0.012815405008015195 
-0.0028025113376069447 0.17568210880956583 0.390178515129066 -0.0714167605454706 1 0.011857820579191141 -0.05246591531885704 0.14459346967279282 0.07550428725319591 
-0.01822636423236542 0.1327513003001084 0.165614758513576 0.3795543082448181 0.011857820579191141 1 -0.017410403020051226 0.08783577189301688 0.030707821809565074 
-0.05418281871971276 -0.0600795260684564 -0.04434098807419118 -0.15860160916677593 -0.05246591531885704 -0.017410403020051226 1 -0.1288083623052447 -0.056039201082463776 
0.19880712772584808 -0.054603275768068595 0.05302465793387867 0.03805621674367602 0.14459346967279282 0.08783577189301688 -0.1288083623052447 1 -0.10743952562540288 
-0.14926973228093732 0.18090171707762145 0.16100885646581842 0.012815405008015195 0.07550428725319591 0.030707821809565074 -0.056039201082463776 -0.10743952562540288 1 

window=1
1 0.0827412853259388 0.006906942377067114 0.06602021987438107 0.05911101903038812 0.017453129653622168 -0.026504394364367825 0.0030596603534719415 0.05057964361510462 
0.0827412853259388 1 0.037054182589045546 0.18383854292106952 0.022991697422508436 -0.023720604198142457 0.11166908370265895 0.04166348132551193 0.40186605081762805 
0.006906942377067114 0.037054182589045546 1 0.2129036614669368 0.2538548711733582 -0.09510844802129009 0.17279831138686563 -0.02924155406327818 -0.020127418027680748 
0.06602021987438107 0.18383854292106952 0.2129036614669368 1 0.20400054068856296 -0.17172167039083305 -0.11514453935285587 -0.03776639244775097 -0.08085561033588232 
0.05911101903038812 0.022991697422508436 0.2538548711733582 0.20400054068856296 1 -0.1021656592010584 -0.1263366493155781 -0.265050341142007 0.015008908573790019 
0.017453129653622168 -0.023720604198142457 -0.09510844802129009 -0.17172167039083305 -0.1021656592010584 1 0.09075992307490584 -0.09467754419454262 0.03628585671724353 
-0.026504394364367825 0.11166908370265895 0.17279831138686563 -0.11514453935285587 -0.1263366493155781 0.09075992307490584 1 0.06539903290371216 0.0885238624729039 
0.0030596603534719415 0.04166348132551193 -0.02924155406327818 -0.03776639244775097 -0.265050341142007 -0.09467754419454262 0.06539903290371216 1 -0.027288806182536325 
0.05057964361510462 0.40186605081762805 -0.020127418027680748 -0.08085561033588232 0.015008908573790019 0.03628585671724353 0.0885238624729039 -0.027288806182536325 1 

window=2
1 0.15513161085610086 0.030961223901716656 0.09184217887338302 -0.0969526917158201 -0.08886287283051024 -0.11250061486097432 0.07911673108171208 -0.05564635591658916 
0.15513161085610086 1 -0.03781547238788733 0.01137090741185589 0.05634760035411276 -0.08119754372627278 0.07937260513558554 -0.07458738542120515 -0.1893505142069264 
0.030961223901716656 -0.03781547238788733 1 0.07518017325870453 -0.16418873951374346 -0.06482711786390732 -0.10142634559521861 0.053911250390686394 -0.13397593353476936 
0.09184217887338302 0.01137090741185589 0.07518017325870453 1 0.07824534120512197 -0.07606737564888451 -0.01925906447363344 0.11123231429736714 0.08576272573420286 
-0.0969526917158201 0.05634760035411276 -0.16418873951374346 0.07824534120512197 1 -0.009280132093208163 -0.055343942189887745 0.09091117242827498 -0.05020270877468437 
-0.08886287283051024 -0.08119754372627278 -0.06482711786390732 -0.07606737564888451 -0.009280132093208163 1 -0.06284597829759116 -0.0496391160666322 0.14334749207616315 
-0.11250061486097432 0.07937260513558554 -0.10142634559521861 -0.01925906447363344 -0.055343942189887745 -0.06284597829759116 1 0.0691139428456912 -0.04917736386237649 
0.07911673108171208 -0.07458738542120515 0.053911250390686394 0.11123231429736714 0.09091117242827498 -0.0496391160666322 0.0691139428456912 1 0.08764835458754489 
-0.05564635591658916 -0.1893505142069264 -0.13397593353476936 0.08576272573420286 -0.05020270877468437 0.14334749207616315 -0.04917736386237649 0.08764835458754489 1 

window=3
1 0.014105180812829049 0.06541858245691196 0.05681612600924735 -0.00694403036481735 -0.03223294313848722 0.15362445785560266 0.09194254929589864 -0.0007699114308773215 
0.014105180812829049 1 0.05285545820870545 0.005387218767495265 -0.0003240006126282333 -0.047263142354263946 0.1259873807027278 0.03761040235377772 -0.21712608498894861 
0.06541858245691196 0.05285545820870545 1 0.08715665121860365 0.35763057476665805 0.1250859762964704 -0.010800035554569619 -0.04617723744016397 -0.03094367195509662 
0.05681612600924735 0.005387218767495265 0.08715665121860365 1 -0.1240705058909484 -0.10752260748367387 -0.04272998534737748 0.08739308803127932 -0.07181101587664422 
-0.00694403036481735 -0.0003240006126282333 0.35763057476665805 -0.1240705058909484 1 0.00849838285029082 0.1738841917229066 -0.09139581472538408 0.06061932816312773 
-0.03223294313848722 -0.047263142354263946 0.1250859762964704 -0.10752260748367387 0.00849838285029082 1 -0.23471771003959352 -0.2801347691718565 -0.07730607273380047 
0.15362445785560266 0.1259873807027278 -0.010800035554569619 -0.04272998534737748 0.1738841917229066 -0.23471771003959352 1 0.13166237898603675 0.058261919909470945 
0.09194254929589864 0.03761040235377772 -0.04617723744016397 0.08739308803127932 -0.09139581472538408 -0.2801347691718565 0.13166237898603675 1 -0.0632451036017768 
-0.0007699114308773215 -0.21712608498894861 -0.03094367195509662 -0.07181101587664422 0.06061932816312773 -0.07730607273380047 0.058261919909470945 -0.0632451036017768 1 

window=5
1 -0.1420643883392018 -0.014159415512085294 -0.04773051095495164 0.022088614853734628 -0.054835651668121134 -0.12239790553764306 -0.16167654792104366 -0.04798970880343451 
-0.1420643883392018 1 -0.022829494787729238 0.1403054120748526 -0.157707334147655 -0.1087423929082335 -0.12172457093732683 0.0663766046933933 0.14625233593246317 
-0.014159415512085294 -0.022829494787729238 1 -0.16998135316560423 0.07825211172974687 0.1111799893933751 -0.112566674712961 0.18800521759343125 0.0026251052993479036 
-0.04773051095495164 0.1403054120748526 -0.16998135316560423 1 -0.14858919145125998 -0.2776062877588397 -0.10556379348795891 -0.02550539652549675 -0.03762359899842628 
0.022088614853734628 -0.157707334147655 0.07825211172974687 -0.14858919145125998 1 0.02515144116872065 -0.05058296273823493 -0.06936874206589262 -0.047660802473148696 
-0.054835651668121134 -0.1087423929082335 0.1111799893933751 -0.2776062877588397 0.02515144116872065 1 0.06870816176478915 -0.022162486999429416 0.02583329700404738 
-0.12239790553764306 -0.12172457093732683 -0.112566674712961 -0.10556379348795891 -0.05058296273823493 0.06870816176478915 1 0.01985490901937581 -0.030300198715657943 
-0.16167654792104366 0.0663766046933933 0.18800521759343125 -0.02550539652549675 -0.06936874206589262 -0.022162486999429416 0.01985490901937581 1 0.04476962895241256 
-0.04798970880343451 0.14625233593246317 0.0026251052993479036 -0.03762359899842628 -0.047660802473148696 0.02583329700404738 -0.030300198715657943 0.04476962895241256 1 

window=6
1 0.07841245312591905 -0.093978757379565 -0.07956543889711418 0.13558065056019833 -0.059337373859665525 0.016095148374356303 0.19481667279513984 -0.01742325951728234 
0.07841245312591905 1 -0.04694433369356177 -0.06183805822923573 -0.07861289192163678 -0.04183245929092488 0.02425128050359354 0.0682060583155009 -0.1084584065563244 
-0.093978757379565 -0.04694433369356177 1 0.09155838948894705 0.5334780384453262 0.086779526171133 -0.1397580498358849 -0.07900655395128077 0.05380750390790933 
-0.07956543889711418 -0.06183805822923573 0.09155838948894705 1 0.21580763885591384 0.21576037063389067 0.029777640494017897 -0.022327889171829787 -0.039895778004354156 
0.13558065056019833 -0.07861289192163678 0.5334780384453262 0.21580763885591384 1 0.19726618134384835 0.05519259507301249 -0.05105947485115434 0.0038702103778090985 
-0.059337373859665525 -0.04183245929092488 0.086779526171133 0.21576037063389067 0.19726618134384835 1 -0.305505311099547 0.0036777589469664806 -0.04234268820656009 
0.016095148374356303 0.02425128050359354 -0.1397580498358849 0.029777640494017897 0.05519259507301249 -0.305505311099547 1 -0.058033920924357864 0.07920357290404134 
0.19481667279513984 0.0682060583155009 -0.07900655395128077 -0.022327889171829787 -0.05105947485115434 0.0036777589469664806 -0.058033920924357864 1 -0.1661766363948067 
-0.01742325951728234 -0.1084584065563244 0.05380750390790933 -0.039895778004354156 0.0038702103778090985 -0.04234268820656009 0.07920357290404134 -0.1661766363948067 1 

window=7
1 0.033186563668692326 -0.04467870392552394 0.048260098384816784 -0.023025494774027516 0.06881804175856729 0.09918845559130134 -0.009559085299641905 0.05069994213648676 
0.033186563668692326 1 -0.04236461515282549 -0.04922447936580262 -0.09382380276755517 0.14212909111398067 -0.02503367779698889 0.04642571677876848 -0.09760982976463253 
-0.04467870392552394 -0.04236461515282549 1 0.10183915988286174 0.6873112682810426 -0.20657828745617313 0.03155939894516055 -0.08946250697244679 -0.03567523693564224 
0.048260098384816784 -0.04922447936580262 0.10183915988286174 1 0.042682765222891585 -0.2063009527031907 -0.01865715352755868 -0.02788263908592821 0.013358675746672556 
-0.023025494774027516 -0.09382380276755517 0.6873112682810426 0.042682765222891585 1 -0.23849885563735962 -0.0206870531790328 0.04563283595919242 -0.036463830543003166 
0.06881804175856729 0.14212909111398067 -0.20657828745617313 -0.2063009527031907 -0.23849885563735962 1 0.20066622221766586 0.09554452164071875 -0.12577451417607832 
0.09918845559130134 -0.02503367779698889 0.03155939894516055 -0.01865715352755868 -0.0206870531790328 0.20066622221766586 1 0.05871402154581977 0.04274414332265958 
-0.009559085299641905 0.04642571677876848 -0.08946250697244679 -0.02788263908592821 0.04563283595919242 0.09554452164071875 0.05871402154581977 1 -0.08264793830092923 
0.05069994213648676 -0.09760982976463253 -0.03567523693564224 0.013358675746672556 -0.036463830543003166 -0.12577451417607832 0.04274414332265958 -0.08264793830092923 1 

window=8
1 -0.04422396642575485 0.004931116469905595 -0.08510019300960175 -0.013176126538201709 0.09948281659666769 0.007962956630956869 0.08807556637651187 0.09901155541531485 
-0.04422396642575485 1 0.02604314253590451 0.05364714469324728 0.006687444504551952 -0.05020212707969487 -0.06196837341145701 0.264006556328959 -0.26879250019130274 
0.004931116469905595 0.02604314253590451 1 0.11644598848171002 0.47404874295328947 0.04107875983733811 -0.2566291313433862 -0.01763062363187235 -0.046470280797671994 
-0.08510019300960175 0.05364714469324728 0.11644598848171002 1 -0.04542665733239135 -0.11229064096490136 0.011880692489265047 -0.0513343960967543 -0.0444852707559024 
-0.013176126538201709 0.006687444504551952 0.47404874295328947 -0.04542665733239135 1 0.02494898993616426 -0.18121016956806596 -0.06733201076377407 -0.0816638198256965 
0.09948281659666769 -0.05020212707969487 0.04107875983733811 -0.11229064096490136 0.02494898993616426 1 -0.11425247231709641 -0.11479267185941738 0.023336455530451272 
0.007962956630956869 -0.06196837341145701 -0.2566291313433862 0.011880692489265047 -0.18121016956806596 -0.11425247231709641 1 0.15706089048518768 -0.0008022449883490834 
0.08807556637651187 0.264006556328959 -0.01763062363187235 -0.0513343960967543 -0.06733201076377407 -0.11479267185941738 0.15706089048518768 1 -0.26095514926131724 
0.09901155541531485 -0.26879250019130274 -0.046470280797671994 -0.0444852707559024 -0.0816638198256965 0.023336455530451272 -0.0008022449883490834 -0.26095514926131724 1 

window=10
1 0.05510611290446112 -0.14470377487854155 0.07230116789136035 0.007254152990667102 0.023077198827358973 0.08929785086185114 0.11321028524845658 -0.037405715737801735 
0.05510611290446112 1 0.14586111644228608 0.053507382280388906 0.10189210086132623 -0.05385671330399495 0.09312373477141926 0.060208078132487956 0.21909014741377852 
-0.14470377487854155 0.14586111644228608 1 -0.06996575864083172 0.11572918741494119 0.17192151998970848 -0.1840967819608193 -0.1568506251352502 0.009027144269133048 
0.07230116789136035 0.053507382280388906 -0.06996575864083172 1 -0.1161175968490836 -0.05724134191543952 0.0007226097866646192 0.07030567194389706 -0.01840320284006761 
0.007254152990667102 0.10189210086132623 0.11572918741494119 -0.1161175968490836 1 -0.3599217062314809 0.10538928824908872 -0.06493890889486968 0.16668615619332908 
0.023077198827358973 -0.05385671330399495 0.17192151998970848 -0.05724134191543952 -0.3599217062314809 1 -0.38077925219606534 -0.116364277704908 -0.02989975621175572 
0.08929785086185114 0.09312373477141926 -0.1840967819608193 0.0007226097866646192 0.10538928824908872 -0.38077925219606534 1 -0.04124583290346234 0.12664340060076257 
0.11321028524845658 0.060208078132487956 -0.1568506251352502 0.07030567194389706 -0.06493890889486968 -0.116364277704908 -0.04124583290346234 1 -0.1017713522834086 
-0.037405715737801735 0.21909014741377852 0.009027144269133048 -0.01840320284006761 0.16668615619332908 -0.02989975621175572 0.12664340060076257 -0.1017713522834086 1 

window=18
1 -0.0320307069020968 -0.03562005658741573 -0.005867558532793014 0.0017166790280105503 0.014775531066525554 0.04909836164394861 -0.08067653351796311 0.0905348974986817 
-0.0320307069020968 1 -0.25202818716322 -0.022095551030503573 -0.016214925716892575 -0.06437138724318553 0.0868114892204504 0.07505987075439625 -0.043699366910911315 
-0.03562005658741573 -0.25202818716322 1 0.01140100213473955 -0.0884167305812235 -0.019610349387116383 0.07667003744736431 -0.026535268319843153 0.09786327311378908 
-0.005867558532793014 -0.022095551030503573 0.01140100213473955 1 0.025992558980233914 0.1040995347842984 -0.4139190542478547 -0.10622754456649737 0.06022062609658841 
0.0017166790280105503 -0.016214925716892575 -0.0884167305812235 0.025992558980233914 1 0.2568619984177467 -0.11226654548722154 0.17062817395357527 0.04080691953801752 
0.014775531066525554 -0.06437138724318553 -0.019610349387116383 0.1040995347842984 0.2568619984177467 1 -0.3758572343366183 -0.0763796080357615 0.026485860475544572 
0.04909836164394861 0.0868114892204504 0.07667003744736431 -0.4139190542478547 -0.11226654548722154 -0.3758572343366183 1 0.15451933004836602 0.08898562100128408 
-0.08067653351796311 0.07505987075439625 -0.026535268319843153 -0.10622754456649737 0.17062817395357527 -0.0763796080357615 0.15451933004836602 1 0.06327243891758491 
0.0905348974986817 -0.043699366910911315 0.09786327311378908 0.06022062609658841 0.04080691953801752 0.026485860475544572 0.08898562100128408 0.06327243891758491 1 

window=20
1 -0.023901176513651486 -0.01781397372796564 -0.030420874379506243 -0.05322150464983471 -0.12164317094945803 0.002832470383609218 0.0009670669009182493 -0.13466645994435977 
-0.023901176513651486 1 -0.1265581972430067 0.0762084362154146 -0.01693286214771742 0.028608305184460444 -0.06062063378653357 -0.1591005425017539 -0.12951545327602706 
-0.01781397372796564 -0.1265581972430067 1 -0.14206824083160544 0.6624909586604274 -0.03961055966350016 0.17363582680842934 -0.10122630390011769 0.03531015534146708 
-0.030420874379506243 0.0762084362154146 -0.14206824083160544 1 -0.07005197092472729 0.36244306230623724 -0.13278415200330104 0.010663261695854048 -0.004714891406734456 
-0.05322150464983471 -0.01693286214771742 0.6624909586604274 -0.07005197092472729 1 -0.08770412699386475 -0.06938421392032428 0.055652285873975305 0.012010420969069183 
-0.12164317094945803 0.028608305184460444 -0.03961055966350016 0.36244306230623724 -0.08770412699386475 1 0.0059157534196207584 -0.011783126364582635 0.031426671002297166 
0.002832470383609218 -0.06062063378653357 0.17363582680842934 -0.13278415200330104 -0.06938421392032428 0.0059157534196207584 1 0.07971823312410269 -0.09906576415834195 
0.0009670669009182493 -0.1591005425017539 -0.10122630390011769 0.010663261695854048 0.055652285873975305 -0.011783126364582635 0.07971823312410269 1 0.1543927892641845 
-0.13466645994435977 -0.12951545327602706 0.03531015534146708 -0.004714891406734456 0.012010420969069183 0.031426671002297166 -0.09906576415834195 0.1543927892641845 1 

window=21
1 -0.09349584406493733 0.06864925765899886 0.1499289883294031 0.04280930952785392 -0.03797860049890294 -0.388764080561382 -0.025881060139655028 0.05593962578249467 
-0.09349584406493733 1 0.1465819120280276 -0.0426654082051822 -0.02325903781610914 -0.11078748007805693 0.01876389237068019 0.07422875327161711 -0.13274031794673338 
0.06864925765899886 0.1465819120280276 1 0.22309271576316908 0.27166571593358174 -0.10322024045558933 -0.2007935543775808 0.059562877953978445 -0.0446518844442198 
0.1499289883294031 -0.0426654082051822 0.22309271576316908 1 -0.17554908936102367 0.12944005635947783 -0.3280995247252894 0.18303890699747072 0.05775493453804384 
0.04280930952785392 -0.02325903781610914 0.27166571593358174 -0.17554908936102367 1 -0.3669030683614571 -0.00010215715929050764 0.01600383251344003 0.07025551442752041 
-0.03797860049890294 -0.11078748007805693 -0.10322024045558933 0.12944005635947783 -0.3669030683614571 1 -0.07529444041204873 0.003275040898450607 0.005254095579259807 
-0.388764080561382 0.01876389237068019 -0.2007935543775808 -0.3280995247252894 -0.00010215715929050764 -0.07529444041204873 1 -0.04815177188532522 0.07120132465969392 
-0.025881060139655028 0.07422875327161711 0.059562877953978445 0.18303890699747072 0.01600383251344003 0.003275040898450607 -0.04815177188532522 1 0.08683328204870129 
0.05593962578249467 -0.13274031794673338 -0.0446518844442198 0.05775493453804384 0.07025551442752041 0.005254095579259807 0.07120132465969392 0.08683328204870129 1 

window=22
1 0.008194110127455056 0.06118233128264557 0.19003545950980594 0.04491397700892633 0.2224813119625197 -0.03709162564445175 -0.05288332371593491 0.12171491899687462 
0.008194110127455056 1 -0.1678151116077947 0.018020980613926006 -0.02788096512700818 0.007427027396617667 0.09626871747274038 -0.05248173100242558 0.02999739200925822 
0.06118233128264557 -0.1678151116077947 1 0.1302712327597469 -0.059841373822395405 -0.12110679207933354 0.028709610583244744 0.012061075635895733 0.05591844942345671 
0.19003545950980594 0.018020980613926006 0.1302712327597469 1 -0.18095776439670866 0.2863419207478423 -0.28456626353794434 -0.007779097986578531 0.0322946514145955 
0.04491397700892633 -0.02788096512700818 -0.059841373822395405 -0.18095776439670866 1 0.004954228419953963 0.015482175880068639 0.014444490454820361 -0.014753679553870592 
0.2224813119625197 0.007427027396617667 -0.12110679207933354 0.2863419207478423 0.004954228419953963 1 -0.1569249783240266 0.05990350020621797 -0.051604955016866676 
-0.03709162564445175 0.09626871747274038 0.028709610583244744 -0.28456626353794434 0.015482175880068639 -0.1569249783240266 1 -0.04154275939798973 -0.0614631243566851 
-0.05288332371593491 -0.05248173100242558 0.012061075635895733 -0.007779097986578531 0.014444490454820361 0.05990350020621797 -0.04154275939798973 1 0.07597961734424283 
0.12171491899687462 0.02999739200925822 0.05591844942345671 0.0322946514145955 -0.014753679553870592 -0.051604955016866676 -0.0614631243566851 0.07597961734424283 1 

window=23
1 -0.02265809486970269 0.01616949197598579 0.2152002969452811 -0.06555197530900168 0.014052108843221922 0.5984893897589925 -0.03481211945237859 0.05335240658990661 
-0.02265809486970269 1 -0.02935775927504804 -0.04193642243558898 -0.08146779072039707 0.052183837475567006 -0.06624431281218485 0.11405871350338898 -0.06389075265920181 
0.01616949197598579 -0.02935775927504804 1 0.0432502810417321 0.08898608602448065 0.18594761138341015 -0.08851647137712808 0.08304551188780794 -0.09172901509807146 
0.2152002969452811 -0.04193642243558898 0.0432502810417321 1 0.16130653982019158 -0.1772064853339069 0.2069201297871212 -0.033777714980095346 0.08381090426365911 
-0.06555197530900168 -0.08146779072039707 0.08898608602448065 0.16130653982019158 1 -0.18095671848841982 -0.15530714714102845 0.05430236521370609 0.04061336088093786 
0.014052108843221922 0.052183837475567006 0.18594761138341015 -0.1772064853339069 -0.18095671848841982 1 0.0613256752229518 0.06924462659765743 -0.0075894272956017 
0.5984893897589925 -0.06624431281218485 -0.08851647137712808 0.2069201297871212 -0.15530714714102845 0.0613256752229518 1 -0.023644140369264644 -0.07146960576367874 
-0.03481211945237859 0.11405871350338898 0.08304551188780794 -0.033777714980095346 0.05430236521370609 0.06924462659765743 -0.023644140369264644 1 -0.08378015188301906 
0.05335240658990661 -0.06389075265920181 -0.09172901509807146 0.08381090426365911 0.04061336088093786 -0.0075894272956017 -0.07146960576367874 -0.08378015188301906 1 

window=25
1 0.060724907187318884 -0.032218640230223916 0.4013418259325936 0.018744984347106686 -0.023945735702147218 0.1940687418564955 0.03639693851619387 -0.030023990971518907 
0.060724907187318884 1 -0.0246597841127964 0.1728332758392371 -0.010663158779853703 -0.13638737301309492 0.03924603618988638 0.03220548234883685 0.019582877890238107 
-0.032218640230223916 -0.0246597841127964 1 -0.011857788250706906 0.6116915010251672 -0.3247419608808918 -0.016041800492710447 -0.02510149055421068 -0.033561514806279426 
0.4013418259325936 0.1728332758392371 -0.011857788250706906 1 0.06921061653163604 -0.3022089382555168 -0.08047138946748988 0.14736447302368882 -0.015579844789582818 
0.018744984347106686 -0.010663158779853703 0.6116915010251672 0.06921061653163604 1 -0.2482299954643577 -0.012168691602412773 0.039437157578672874 -0.08571616314682873 
-0.023945735702147218 -0.13638737301309492 -0.3247419608808918 -0.3022089382555168 -0.2482299954643577 1 0.259590563501428 -0.015480552579368307 0.019221269882570346 
0.1940687418564955 0.03924603618988638 -0.016041800492710447 -0.08047138946748988 -0.012168691602412773 0.259590563501428 1 -0.0610431998520718 -0.0572072673992811 
0.03639693851619387 0.03220548234883685 -0.02510149055421068 0.14736447302368882 0.039437157578672874 -0.015480552579368307 -0.0610431998520718 1 0.05886702847308772 
-0.030023990971518907 0.019582877890238107 -0.033561514806279426 -0.015579844789582818 -0.08571616314682873 0.019221269882570346 -0.0572072673992811 0.05886702847308772 1 

window=27
1 -0.13671058673808836 0.06653275494654058 0.4222336798294267 0.049423793355263666 0.004270204789152178 0.23271286150447015 -0.05935268690613163 -0.04650439971906458 
-0.13671058673808836 1 0.033706854955635836 0.0025405898543716366 0.07040457723330042 -0.042699628349010324 -0.17345298356482608 0.09030109463363471 0.16640341133451428 
0.06653275494654058 0.033706854955635836 1 0.023334708227517813 -0.6225392552765556 0.07609507052024815 0.06696914041961201 0.14723143793187393 -0.12199491435492484 
0.4222336798294267 0.0025405898543716366 0.023334708227517813 1 -0.03535258733330191 0.00475974304667385 -0.2976824412052159 0.04901558652167434 -0.023939014411229594 
0.049423793355263666 0.07040457723330042 -0.6225392552765556 -0.03535258733330191 1 -0.041366090908756134 0.052634498863783054 -0.09118094291990764 0.192811829249483 
0.004270204789152178 -0.042699628349010324 0.07609507052024815 0.00475974304667385 -0.041366090908756134 1 -0.17231446428017602 -0.05893999072753312 -0.07988759380745342 
0.23271286150447015 -0.17345298356482608 0.06696914041961201 -0.2976824412052159 0.052634498863783054 -0.17231446428017602 1 -0.08737374587415292 0.041913752830291945 
-0.05935268690613163 0.09030109463363471 0.14723143793187393 0.04901558652167434 -0.09118094291990764 -0.05893999072753312 -0.08737374587415292 1 -0.0391985699396797 
-0.04650439971906458 0.16640341133451428 -0.12199491435492484 -0.023939014411229594 0.192811829249483 -0.07988759380745342 0.041913752830291945 -0.0391985699396797 1 

window=29
1 0.007252218241712047 -0.018947425060869355 -0.12650499128306314 0.04171304680411884 0.1386094488954387 0.23471376838269187 -0.05354916184335391 0.07941073535346203 
0.007252218241712047 1 -0.13444983946150574 0.3413196308289725 0.23420899969614078 -0.11334707833987642 -0.04508932138018285 0.01769935748730912 0.04400769379984219 
-0.018947425060869355 -0.13444983946150574 1 -0.05410338222892661 -0.3044417319677382 0.019902136612058575 -0.10957843060342988 -0.23381239805564769 0.11201394470383896 
-0.12650499128306314 0.3413196308289725 -0.05410338222892661 1 0.243944358330468 -0.4152360106530107 -0.200035083719324 -0.16149506419043108 -0.06369878878097528 
0.04171304680411884 0.23420899969614078 -0.3044417319677382 0.243944358330468 1 -0.07466337693247135 0.0019745171147489077 -0.06034302847756221 0.026704028447579315 
0.1386094488954387 -0.11334707833987642 0.019902136612058575 -0.4152360106530107 -0.07466337693247135 1 0.013038328655209992 0.04659610942458551 0.1345176586146363 
0.23471376838269187 -0.04508932138018285 -0.10957843060342988 -0.200035083719324 0.0019745171147489077 0.013038328655209992 1 0.006712133102975618 0.014422030481615304 
-0.05354916184335391 0.01769935748730912 -0.23381239805564769 -0.16149506419043108 -0.06034302847756221 0.04659610942458551 0.006712133102975618 1 -0.07785226163223766 
0.07941073535346203 0.04400769379984219 0.11201394470383896 -0.06369878878097528 0.026704028447579315 0.1345176586146363 0.014422030481615304 -0.07785226163223766 1 

final matrix:
0.7083333333333334 -0.00791557145660373 -0.0027165440196455803 0.0511541845760404 0.006736745534039922 0.006914878313059016 0.03902679263148935 0.013666753312418687 0.0033976746277691768 
-0.00791557145660373 0.7083333333333334 -0.013671390287338983 0.03361855669425116 0.006721989963502213 -0.021304515350584054 0.0025533675129910806 0.02696988480142204 -0.0017950666760693436 
-0.0027165440196455803 -0.013671390287338983 0.7083333333333334 0.026596862052516507 0.13691207251564289 0.0003667330378965077 -0.029758580764050146 -0.008675105529023295 -0.0013148098928998317 
0.0511541845760404 0.03361855669425116 0.026596862052516507 0.7083333333333334 0.0030690931479210176 -0.017541804791039946 -0.08117554090439628 0.009290557675147713 -0.002291212224917569 
0.006736745534039922 0.006721989963502213 0.13691207251564289 0.0030690931479210176 0.7083333333333334 -0.04917294531652158 -0.017970757529846906 -0.0053776450080042296 0.016184581656526125 
0.006914878313059016 -0.021304515350584054 0.0003667330378965077 -0.017541804791039946 -0.04917294531652158 0.7083333333333334 -0.04982906735276011 -0.019761533920684086 0.0025838113018192585 
0.03902679263148935 0.0025533675129910806 -0.029758580764050146 -0.08117554090439628 -0.017970757529846906 -0.04982906735276011 0.7083333333333334 0.010537964106224934 0.0077656190773287255 
0.013666753312418687 0.02696988480142204 -0.008675105529023295 0.009290557675147713 -0.0053776450080042296 -0.019761533920684086 0.010537964106224934 0.7083333333333334 -0.01827468147988981 
0.0033976746277691768 -0.0017950666760693436 -0.0013148098928998317 -0.002291212224917569 0.016184581656526125 0.0025838113018192585 0.0077656190773287255 -0.01827468147988981 0.7083333333333334 

{1: [1, 4, 7, 6], 2: [2, 9], 3: [3, 5], 11: [11]}
new accuracy=0.6666666666666666
old accuracy=-0.999:0.16666666666666663
old accuracy=-0.998:0.16666666666666663
old accuracy=-0.997:0.16666666666666663
old accuracy=-0.996:0.16666666666666663
old accuracy=-0.995:0.16666666666666663
old accuracy=-0.994:0.16666666666666663
old accuracy=-0.993:0.16666666666666663
old accuracy=-0.992:0.16666666666666663
old accuracy=-0.991:0.16666666666666663
old accuracy=-0.99:0.16666666666666663
old accuracy=-0.989:0.16666666666666663
old accuracy=-0.988:0.16666666666666663
old accuracy=-0.987:0.16666666666666663
old accuracy=-0.986:0.16666666666666663
old accuracy=-0.985:0.16666666666666663
old accuracy=-0.984:0.16666666666666663
old accuracy=-0.983:0.16666666666666663
old accuracy=-0.982:0.16666666666666663
old accuracy=-0.981:0.16666666666666663
old accuracy=-0.98:0.16666666666666663
old accuracy=-0.979:0.16666666666666663
old accuracy=-0.978:0.16666666666666663
old accuracy=-0.977:0.16666666666666663
old accuracy=-0.976:0.16666666666666663
old accuracy=-0.975:0.16666666666666663
old accuracy=-0.974:0.16666666666666663
old accuracy=-0.973:0.16666666666666663
old accuracy=-0.972:0.16666666666666663
old accuracy=-0.971:0.16666666666666663
old accuracy=-0.97:0.16666666666666663
old accuracy=-0.969:0.16666666666666663
old accuracy=-0.968:0.16666666666666663
old accuracy=-0.967:0.16666666666666663
old accuracy=-0.966:0.16666666666666663
old accuracy=-0.965:0.16666666666666663
old accuracy=-0.964:0.16666666666666663
old accuracy=-0.963:0.16666666666666663
old accuracy=-0.962:0.16666666666666663
old accuracy=-0.961:0.16666666666666663
old accuracy=-0.96:0.16666666666666663
old accuracy=-0.959:0.16666666666666663
old accuracy=-0.958:0.16666666666666663
old accuracy=-0.957:0.16666666666666663
old accuracy=-0.956:0.16666666666666663
old accuracy=-0.955:0.16666666666666663
old accuracy=-0.954:0.16666666666666663
old accuracy=-0.953:0.16666666666666663
old accuracy=-0.952:0.16666666666666663
old accuracy=-0.951:0.16666666666666663
old accuracy=-0.95:0.16666666666666663
old accuracy=-0.949:0.16666666666666663
old accuracy=-0.948:0.16666666666666663
old accuracy=-0.947:0.16666666666666663
old accuracy=-0.946:0.16666666666666663
old accuracy=-0.945:0.16666666666666663
old accuracy=-0.944:0.16666666666666663
old accuracy=-0.943:0.16666666666666663
old accuracy=-0.942:0.16666666666666663
old accuracy=-0.941:0.16666666666666663
old accuracy=-0.94:0.16666666666666663
old accuracy=-0.939:0.16666666666666663
old accuracy=-0.938:0.16666666666666663
old accuracy=-0.9369999999999999:0.16666666666666663
old accuracy=-0.9359999999999999:0.16666666666666663
old accuracy=-0.9349999999999999:0.16666666666666663
old accuracy=-0.9339999999999999:0.16666666666666663
old accuracy=-0.9329999999999999:0.16666666666666663
old accuracy=-0.9319999999999999:0.16666666666666663
old accuracy=-0.9309999999999999:0.16666666666666663
old accuracy=-0.9299999999999999:0.16666666666666663
old accuracy=-0.9289999999999999:0.16666666666666663
old accuracy=-0.9279999999999999:0.16666666666666663
old accuracy=-0.9269999999999999:0.16666666666666663
old accuracy=-0.9259999999999999:0.16666666666666663
old accuracy=-0.9249999999999999:0.16666666666666663
old accuracy=-0.9239999999999999:0.16666666666666663
old accuracy=-0.9229999999999999:0.16666666666666663
old accuracy=-0.9219999999999999:0.16666666666666663
old accuracy=-0.9209999999999999:0.16666666666666663
old accuracy=-0.9199999999999999:0.16666666666666663
old accuracy=-0.9189999999999999:0.16666666666666663
old accuracy=-0.9179999999999999:0.16666666666666663
old accuracy=-0.9169999999999999:0.16666666666666663
old accuracy=-0.9159999999999999:0.16666666666666663
old accuracy=-0.9149999999999999:0.16666666666666663
old accuracy=-0.9139999999999999:0.16666666666666663
old accuracy=-0.9129999999999999:0.16666666666666663
old accuracy=-0.9119999999999999:0.16666666666666663
old accuracy=-0.9109999999999999:0.16666666666666663
old accuracy=-0.9099999999999999:0.16666666666666663
old accuracy=-0.9089999999999999:0.16666666666666663
old accuracy=-0.9079999999999999:0.16666666666666663
old accuracy=-0.9069999999999999:0.16666666666666663
old accuracy=-0.9059999999999999:0.16666666666666663
old accuracy=-0.9049999999999999:0.16666666666666663
old accuracy=-0.9039999999999999:0.16666666666666663
old accuracy=-0.9029999999999999:0.16666666666666663
old accuracy=-0.9019999999999999:0.16666666666666663
old accuracy=-0.9009999999999999:0.16666666666666663
old accuracy=-0.8999999999999999:0.16666666666666663
old accuracy=-0.8989999999999999:0.16666666666666663
old accuracy=-0.8979999999999999:0.16666666666666663
old accuracy=-0.8969999999999999:0.16666666666666663
old accuracy=-0.8959999999999999:0.16666666666666663
old accuracy=-0.8949999999999999:0.16666666666666663
old accuracy=-0.8939999999999999:0.16666666666666663
old accuracy=-0.8929999999999999:0.16666666666666663
old accuracy=-0.8919999999999999:0.16666666666666663
old accuracy=-0.8909999999999999:0.16666666666666663
old accuracy=-0.8899999999999999:0.16666666666666663
old accuracy=-0.8889999999999999:0.16666666666666663
old accuracy=-0.8879999999999999:0.16666666666666663
old accuracy=-0.8869999999999999:0.16666666666666663
old accuracy=-0.8859999999999999:0.16666666666666663
old accuracy=-0.8849999999999999:0.16666666666666663
old accuracy=-0.8839999999999999:0.16666666666666663
old accuracy=-0.8829999999999999:0.16666666666666663
old accuracy=-0.8819999999999999:0.16666666666666663
old accuracy=-0.8809999999999999:0.16666666666666663
old accuracy=-0.8799999999999999:0.16666666666666663
old accuracy=-0.8789999999999999:0.16666666666666663
old accuracy=-0.8779999999999999:0.16666666666666663
old accuracy=-0.8769999999999999:0.16666666666666663
old accuracy=-0.8759999999999999:0.16666666666666663
old accuracy=-0.8749999999999999:0.16666666666666663
old accuracy=-0.8739999999999999:0.16666666666666663
old accuracy=-0.8729999999999999:0.16666666666666663
old accuracy=-0.8719999999999999:0.16666666666666663
old accuracy=-0.8709999999999999:0.16666666666666663
old accuracy=-0.8699999999999999:0.16666666666666663
old accuracy=-0.8689999999999999:0.16666666666666663
old accuracy=-0.8679999999999999:0.16666666666666663
old accuracy=-0.8669999999999999:0.16666666666666663
old accuracy=-0.8659999999999999:0.16666666666666663
old accuracy=-0.8649999999999999:0.16666666666666663
old accuracy=-0.8639999999999999:0.16666666666666663
old accuracy=-0.8629999999999999:0.16666666666666663
old accuracy=-0.8619999999999999:0.16666666666666663
old accuracy=-0.8609999999999999:0.16666666666666663
old accuracy=-0.8599999999999999:0.16666666666666663
old accuracy=-0.8589999999999999:0.16666666666666663
old accuracy=-0.8579999999999999:0.16666666666666663
old accuracy=-0.8569999999999999:0.16666666666666663
old accuracy=-0.8559999999999999:0.16666666666666663
old accuracy=-0.8549999999999999:0.16666666666666663
old accuracy=-0.8539999999999999:0.16666666666666663
old accuracy=-0.8529999999999999:0.16666666666666663
old accuracy=-0.8519999999999999:0.16666666666666663
old accuracy=-0.8509999999999999:0.16666666666666663
old accuracy=-0.8499999999999999:0.16666666666666663
old accuracy=-0.8489999999999999:0.16666666666666663
old accuracy=-0.8479999999999999:0.16666666666666663
old accuracy=-0.8469999999999999:0.16666666666666663
old accuracy=-0.8459999999999999:0.16666666666666663
old accuracy=-0.8449999999999999:0.16666666666666663
old accuracy=-0.8439999999999999:0.16666666666666663
old accuracy=-0.8429999999999999:0.16666666666666663
old accuracy=-0.8419999999999999:0.16666666666666663
old accuracy=-0.8409999999999999:0.16666666666666663
old accuracy=-0.8399999999999999:0.16666666666666663
old accuracy=-0.8389999999999999:0.16666666666666663
old accuracy=-0.8379999999999999:0.16666666666666663
old accuracy=-0.8369999999999999:0.16666666666666663
old accuracy=-0.8359999999999999:0.16666666666666663
old accuracy=-0.8349999999999999:0.16666666666666663
old accuracy=-0.8339999999999999:0.16666666666666663
old accuracy=-0.8329999999999999:0.16666666666666663
old accuracy=-0.8319999999999999:0.16666666666666663
old accuracy=-0.8309999999999998:0.16666666666666663
old accuracy=-0.8299999999999998:0.16666666666666663
old accuracy=-0.8289999999999998:0.16666666666666663
old accuracy=-0.8279999999999998:0.16666666666666663
old accuracy=-0.8269999999999998:0.16666666666666663
old accuracy=-0.8259999999999998:0.16666666666666663
old accuracy=-0.8249999999999998:0.16666666666666663
old accuracy=-0.8239999999999998:0.16666666666666663
old accuracy=-0.8229999999999998:0.16666666666666663
old accuracy=-0.8219999999999998:0.16666666666666663
old accuracy=-0.8209999999999998:0.16666666666666663
old accuracy=-0.8199999999999998:0.16666666666666663
old accuracy=-0.8189999999999998:0.16666666666666663
old accuracy=-0.8179999999999998:0.16666666666666663
old accuracy=-0.8169999999999998:0.16666666666666663
old accuracy=-0.8159999999999998:0.16666666666666663
old accuracy=-0.8149999999999998:0.16666666666666663
old accuracy=-0.8139999999999998:0.16666666666666663
old accuracy=-0.8129999999999998:0.16666666666666663
old accuracy=-0.8119999999999998:0.16666666666666663
old accuracy=-0.8109999999999998:0.16666666666666663
old accuracy=-0.8099999999999998:0.16666666666666663
old accuracy=-0.8089999999999998:0.16666666666666663
old accuracy=-0.8079999999999998:0.16666666666666663
old accuracy=-0.8069999999999998:0.16666666666666663
old accuracy=-0.8059999999999998:0.16666666666666663
old accuracy=-0.8049999999999998:0.16666666666666663
old accuracy=-0.8039999999999998:0.16666666666666663
old accuracy=-0.8029999999999998:0.16666666666666663
old accuracy=-0.8019999999999998:0.16666666666666663
old accuracy=-0.8009999999999998:0.16666666666666663
old accuracy=-0.7999999999999998:0.16666666666666663
old accuracy=-0.7989999999999998:0.16666666666666663
old accuracy=-0.7979999999999998:0.16666666666666663
old accuracy=-0.7969999999999998:0.16666666666666663
old accuracy=-0.7959999999999998:0.16666666666666663
old accuracy=-0.7949999999999998:0.16666666666666663
old accuracy=-0.7939999999999998:0.16666666666666663
old accuracy=-0.7929999999999998:0.16666666666666663
old accuracy=-0.7919999999999998:0.16666666666666663
old accuracy=-0.7909999999999998:0.16666666666666663
old accuracy=-0.7899999999999998:0.16666666666666663
old accuracy=-0.7889999999999998:0.16666666666666663
old accuracy=-0.7879999999999998:0.16666666666666663
old accuracy=-0.7869999999999998:0.16666666666666663
old accuracy=-0.7859999999999998:0.16666666666666663
old accuracy=-0.7849999999999998:0.16666666666666663
old accuracy=-0.7839999999999998:0.16666666666666663
old accuracy=-0.7829999999999998:0.16666666666666663
old accuracy=-0.7819999999999998:0.16666666666666663
old accuracy=-0.7809999999999998:0.16666666666666663
old accuracy=-0.7799999999999998:0.16666666666666663
old accuracy=-0.7789999999999998:0.16666666666666663
old accuracy=-0.7779999999999998:0.16666666666666663
old accuracy=-0.7769999999999998:0.16666666666666663
old accuracy=-0.7759999999999998:0.16666666666666663
old accuracy=-0.7749999999999998:0.16666666666666663
old accuracy=-0.7739999999999998:0.16666666666666663
old accuracy=-0.7729999999999998:0.16666666666666663
old accuracy=-0.7719999999999998:0.16666666666666663
old accuracy=-0.7709999999999998:0.16666666666666663
old accuracy=-0.7699999999999998:0.16666666666666663
old accuracy=-0.7689999999999998:0.16666666666666663
old accuracy=-0.7679999999999998:0.16666666666666663
old accuracy=-0.7669999999999998:0.16666666666666663
old accuracy=-0.7659999999999998:0.16666666666666663
old accuracy=-0.7649999999999998:0.16666666666666663
old accuracy=-0.7639999999999998:0.16666666666666663
old accuracy=-0.7629999999999998:0.16666666666666663
old accuracy=-0.7619999999999998:0.16666666666666663
old accuracy=-0.7609999999999998:0.16666666666666663
old accuracy=-0.7599999999999998:0.16666666666666663
old accuracy=-0.7589999999999998:0.16666666666666663
old accuracy=-0.7579999999999998:0.16666666666666663
old accuracy=-0.7569999999999998:0.16666666666666663
old accuracy=-0.7559999999999998:0.16666666666666663
old accuracy=-0.7549999999999998:0.16666666666666663
old accuracy=-0.7539999999999998:0.16666666666666663
old accuracy=-0.7529999999999998:0.16666666666666663
old accuracy=-0.7519999999999998:0.16666666666666663
old accuracy=-0.7509999999999998:0.16666666666666663
