window=0
1 0.1373870881122285 0.08588671284105798 0.11652078527044032 0.013987785638356533 0.09838453904020683 
0.1373870881122285 1 -0.02172934866069465 -0.07166425456601483 0.05784707928601263 -0.13769059598424882 
0.08588671284105798 -0.02172934866069465 1 0.051864333119953254 0.04188818457877841 0.1116408768943853 
0.11652078527044032 -0.07166425456601483 0.051864333119953254 1 0.06254678019235695 0.04732056189966013 
0.013987785638356533 0.05784707928601263 0.04188818457877841 0.06254678019235695 1 -0.03674528149505666 
0.09838453904020683 -0.13769059598424882 0.1116408768943853 0.04732056189966013 -0.03674528149505666 1 

window=1
1 0.03726645702830856 0.06413797858612609 -0.041124064922874445 -0.15470815790607118 0.024315760653994087 
0.03726645702830856 1 -0.0127582834892174 -0.07420187656370546 0.09746062175205218 0.006654262918936255 
0.06413797858612609 -0.0127582834892174 1 0.08529713570676169 0.06366390757410582 -0.07883506868605113 
-0.041124064922874445 -0.07420187656370546 0.08529713570676169 1 -0.07198275961531207 -0.010475144182530345 
-0.15470815790607118 0.09746062175205218 0.06366390757410582 -0.07198275961531207 1 0.058726850248985815 
0.024315760653994087 0.006654262918936255 -0.07883506868605113 -0.010475144182530345 0.058726850248985815 1 

window=2
1 0.15798993709693815 -0.03102850921654879 0.068134526284886 0.02992648844320592 -0.03376241795922544 
0.15798993709693815 1 -0.0681392134369397 0.0358478215242155 0.16290481370976684 -0.041649643334442654 
-0.03102850921654879 -0.0681392134369397 1 -0.06924799891192226 -0.006536861944120154 -0.08764896604900878 
0.068134526284886 0.0358478215242155 -0.06924799891192226 1 0.013070216922577224 0.01596805750054129 
0.02992648844320592 0.16290481370976684 -0.006536861944120154 0.013070216922577224 1 0.06792769021316925 
-0.03376241795922544 -0.041649643334442654 -0.08764896604900878 0.01596805750054129 0.06792769021316925 1 

window=3
1 -0.07208121044649336 0.015134197513086058 -0.06370841514913399 -0.044269325310524216 -0.09399533133154597 
-0.07208121044649336 1 0.051186568777686375 -0.07169499911969748 0.1338444198923758 -0.06613343862367316 
0.015134197513086058 0.051186568777686375 1 0.05236044162570425 0.006694232073382828 0.03830599234326443 
-0.06370841514913399 -0.07169499911969748 0.05236044162570425 1 0.10844570706914561 -0.07513944888102746 
-0.044269325310524216 0.1338444198923758 0.006694232073382828 0.10844570706914561 1 0.18014325527438851 
-0.09399533133154597 -0.06613343862367316 0.03830599234326443 -0.07513944888102746 0.18014325527438851 1 

window=4
1 -0.07754573913876102 0.05234290602842214 -0.1187200978963467 -0.07763310220597461 0.020763600792448517 
-0.07754573913876102 1 0.018726529896802645 0.00910928241891454 0.1251403802920989 0.06885714511072254 
0.05234290602842214 0.018726529896802645 1 -0.03437104335329858 0.09701400366737807 -0.11114779122794523 
-0.1187200978963467 0.00910928241891454 -0.03437104335329858 1 0.0021089406416347867 0.029236517535311334 
-0.07763310220597461 0.1251403802920989 0.09701400366737807 0.0021089406416347867 1 -0.08798208387149585 
0.020763600792448517 0.06885714511072254 -0.11114779122794523 0.029236517535311334 -0.08798208387149585 1 

window=5
1 0.06326451006971706 0.016203601758670694 0.04209204415279763 -0.08310687151016509 0.05375959624275959 
0.06326451006971706 1 0.026698540172851115 -0.08143669607949687 -0.0855087399629339 0.03503995121083401 
0.016203601758670694 0.026698540172851115 1 -0.13535603529063123 0.20133410089360446 -0.015090334139905123 
0.04209204415279763 -0.08143669607949687 -0.13535603529063123 1 -0.027616323278040644 0.06075368156640397 
-0.08310687151016509 -0.0855087399629339 0.20133410089360446 -0.027616323278040644 1 -0.004710130434261956 
0.05375959624275959 0.03503995121083401 -0.015090334139905123 0.06075368156640397 -0.004710130434261956 1 

window=6
1 0.012940415736116692 0.08405214644700609 -0.004305111300793868 0.1207018417041036 -0.013362418393591612 
0.012940415736116692 1 0.18599892758387154 -0.019308088435798895 0.008581886155763217 0.04090117697080023 
0.08405214644700609 0.18599892758387154 1 0.08031510365910655 0.010563778141997684 0.03500189990308005 
-0.004305111300793868 -0.019308088435798895 0.08031510365910655 1 0.015619489425395957 0.09480998511414207 
0.1207018417041036 0.008581886155763217 0.010563778141997684 0.015619489425395957 1 0.03196210787182768 
-0.013362418393591612 0.04090117697080023 0.03500189990308005 0.09480998511414207 0.03196210787182768 1 

window=7
1 -0.004903433508682842 -0.031898158308674776 -0.03549368222110676 -0.1564295763796495 0.07379837778473325 
-0.004903433508682842 1 0.11091089381225953 0.030719210914730028 -0.030775726716680427 -0.2484306795712303 
-0.031898158308674776 0.11091089381225953 1 0.053420681354128106 0.0805794989912287 -0.13742035308202163 
-0.03549368222110676 0.030719210914730028 0.053420681354128106 1 0.014747662703474653 0.13078510204548188 
-0.1564295763796495 -0.030775726716680427 0.0805794989912287 0.014747662703474653 1 0.023900257341457072 
0.07379837778473325 -0.2484306795712303 -0.13742035308202163 0.13078510204548188 0.023900257341457072 1 

window=8
1 -0.06749505052052138 -0.028486130493085675 -0.06829525711112007 0.0038198624291250123 -0.03155112591886257 
-0.06749505052052138 1 -0.005207280145544843 -0.0594110516734182 -0.0756085336934654 -0.05277181890288145 
-0.028486130493085675 -0.005207280145544843 1 0.023741550713707517 0.0841554144002019 -0.08696524983698257 
-0.06829525711112007 -0.0594110516734182 0.023741550713707517 1 -0.10146858700272275 0.025365772749053727 
0.0038198624291250123 -0.0756085336934654 0.0841554144002019 -0.10146858700272275 1 -0.05326202505018738 
-0.03155112591886257 -0.05277181890288145 -0.08696524983698257 0.025365772749053727 -0.05326202505018738 1 

window=9
1 0.014226260161353496 -0.04787771021300115 -0.06376427909108963 -0.03235211152377511 0.1023657474715569 
0.014226260161353496 1 -0.11924885064412823 -0.05950509398309441 -0.012936631162552644 0.03540380511407216 
-0.04787771021300115 -0.11924885064412823 1 0.03492744715560595 -0.0916990640888068 0.0016819251171225516 
-0.06376427909108963 -0.05950509398309441 0.03492744715560595 1 -0.14341725293204413 -0.0756274505582861 
-0.03235211152377511 -0.012936631162552644 -0.0916990640888068 -0.14341725293204413 1 0.080765203528455 
0.1023657474715569 0.03540380511407216 0.0016819251171225516 -0.0756274505582861 0.080765203528455 1 

window=10
1 -0.04858411168234691 -0.1576781158992801 0.110092753163727 0.02811032029730021 0.1520275858036758 
-0.04858411168234691 1 0.002386285816454035 0.10161402212298234 0.10949559071537755 0.03922346356085248 
-0.1576781158992801 0.002386285816454035 1 -0.02346214432269528 -0.07539783171314689 -0.0807484005724773 
0.110092753163727 0.10161402212298234 -0.02346214432269528 1 0.022063391520833107 0.03422531732097759 
0.02811032029730021 0.10949559071537755 -0.07539783171314689 0.022063391520833107 1 0.01729474502910368 
0.1520275858036758 0.03922346356085248 -0.0807484005724773 0.03422531732097759 0.01729474502910368 1 

window=11
1 -0.24475293886995464 0.09538590678360388 -0.060673168484449175 -0.07008485728631098 -0.006596949321780444 
-0.24475293886995464 1 -0.033626523125469536 0.05438321392205514 0.07267700739178293 -0.09201863262830733 
0.09538590678360388 -0.033626523125469536 1 -0.2080195516368636 0.14188868431023247 -0.04960358296103619 
-0.060673168484449175 0.05438321392205514 -0.2080195516368636 1 -0.07767123973307202 0.0357606134625352 
-0.07008485728631098 0.07267700739178293 0.14188868431023247 -0.07767123973307202 1 -0.02323178910703419 
-0.006596949321780444 -0.09201863262830733 -0.04960358296103619 0.0357606134625352 -0.02323178910703419 1 

window=12
1 -0.00022967147300650213 -0.03379245634331404 -0.03446838149722481 -0.019590520367825968 0.018852391777148928 
-0.00022967147300650213 1 0.06617326782779655 0.11644573303596742 -0.0903103361267878 -0.18832569052571 
-0.03379245634331404 0.06617326782779655 1 -0.05872255664524939 0.017201560749423615 0.09056368124871444 
-0.03446838149722481 0.11644573303596742 -0.05872255664524939 1 -0.004713055124132021 0.02131034215236815 
-0.019590520367825968 -0.0903103361267878 0.017201560749423615 -0.004713055124132021 1 -0.01628378905192278 
0.018852391777148928 -0.18832569052571 0.09056368124871444 0.02131034215236815 -0.01628378905192278 1 

window=13
1 -0.15063958192607396 -0.03004650356788538 -0.016901341633010932 0.3369524760397229 -0.07966015918171584 
-0.15063958192607396 1 0.05173302352829889 0.0751995574447698 -0.0640206720810167 -0.07028756775544776 
-0.03004650356788538 0.05173302352829889 1 -0.11824720410802503 -0.1357304450635998 -0.03417053791103834 
-0.016901341633010932 0.0751995574447698 -0.11824720410802503 1 -0.015105432735699918 0.03924783250655112 
0.3369524760397229 -0.0640206720810167 -0.1357304450635998 -0.015105432735699918 1 -0.02343905684621124 
-0.07966015918171584 -0.07028756775544776 -0.03417053791103834 0.03924783250655112 -0.02343905684621124 1 

window=14
1 0.051124574070522934 -0.062066062069512457 0.010916924194630051 0.10612516426397889 -0.002081725432258875 
0.051124574070522934 1 0.004014725579404039 -0.0009661285254985906 -0.10610704702260662 0.010649209778143976 
-0.062066062069512457 0.004014725579404039 1 -0.03448170317577231 0.06909166735520639 0.031181853145871657 
0.010916924194630051 -0.0009661285254985906 -0.03448170317577231 1 0.0972685653884209 -0.09725910648091995 
0.10612516426397889 -0.10610704702260662 0.06909166735520639 0.0972685653884209 1 0.047448048072975084 
-0.002081725432258875 0.010649209778143976 0.031181853145871657 -0.09725910648091995 0.047448048072975084 1 

window=15
1 -0.04003794149174092 -0.08092649277882837 -0.01642248594770237 0.01890991226062728 -0.0782826352082254 
-0.04003794149174092 1 -0.06967563120214974 -0.08160416951774814 0.024759765336905513 -0.027100197136093882 
-0.08092649277882837 -0.06967563120214974 1 -0.027128858560508076 0.13342790645806277 0.10102144405598766 
-0.01642248594770237 -0.08160416951774814 -0.027128858560508076 1 0.00461666736877923 0.03968529707619809 
0.01890991226062728 0.024759765336905513 0.13342790645806277 0.00461666736877923 1 -0.0578150568998644 
-0.0782826352082254 -0.027100197136093882 0.10102144405598766 0.03968529707619809 -0.0578150568998644 1 

window=16
1 -0.0657144517179371 -0.013221363976540931 0.07903333746789833 -0.07891309433825146 -0.0002446959598704339 
-0.0657144517179371 1 0.06393774887033485 0.0010420706032874495 0.18196952436879693 -0.1107233250046687 
-0.013221363976540931 0.06393774887033485 1 -0.031686101348913476 0.18866325659316135 -0.04313653822726483 
0.07903333746789833 0.0010420706032874495 -0.031686101348913476 1 -0.05522025960371338 0.014536040829383397 
-0.07891309433825146 0.18196952436879693 0.18866325659316135 -0.05522025960371338 1 -0.14321791795155678 
-0.0002446959598704339 -0.1107233250046687 -0.04313653822726483 0.014536040829383397 -0.14321791795155678 1 

window=17
1 -0.008389082239261223 0.005825580206898327 0.12738311106992323 -0.043780313437037324 0.058053575127123606 
-0.008389082239261223 1 -0.018585260805737202 -0.0031388140454621507 -0.0680267969073707 -0.19184920541904968 
0.005825580206898327 -0.018585260805737202 1 -0.04161081335016332 -0.047107944811521196 0.12278906736254272 
0.12738311106992323 -0.0031388140454621507 -0.04161081335016332 1 0.027948683525867896 -0.01656650351441793 
-0.043780313437037324 -0.0680267969073707 -0.047107944811521196 0.027948683525867896 1 0.17342579519780812 
0.058053575127123606 -0.19184920541904968 0.12278906736254272 -0.01656650351441793 0.17342579519780812 1 

window=18
1 -0.04059880550727393 0.018450789187546272 -0.06888327629307532 0.10031571660831913 -0.02753187289297504 
-0.04059880550727393 1 -0.051435020656046694 0.0475671467007491 0.035928594575257065 -0.09154558266848926 
0.018450789187546272 -0.051435020656046694 1 -0.08710456927155728 0.1985527168617268 -0.11146735950575465 
-0.06888327629307532 0.0475671467007491 -0.08710456927155728 1 0.014233435163641266 -0.04202895774922713 
0.10031571660831913 0.035928594575257065 0.1985527168617268 0.014233435163641266 1 0.03442813874380366 
-0.02753187289297504 -0.09154558266848926 -0.11146735950575465 -0.04202895774922713 0.03442813874380366 1 

window=19
1 -0.05727067626391597 -0.021239582400993773 -0.1799310226772398 0.05427760260572937 -0.10145245828248477 
-0.05727067626391597 1 -0.02032744471967826 -0.12696388585043922 -0.10902184305607697 0.01874924192841433 
-0.021239582400993773 -0.02032744471967826 1 0.10463044165936876 -0.11638017149245133 -0.08257613764110568 
-0.1799310226772398 -0.12696388585043922 0.10463044165936876 1 -0.016814601578178618 0.04255472772062662 
0.05427760260572937 -0.10902184305607697 -0.11638017149245133 -0.016814601578178618 1 0.05775091924064847 
-0.10145245828248477 0.01874924192841433 -0.08257613764110568 0.04255472772062662 0.05775091924064847 1 

window=20
1 0.06516306821343647 -0.021287626670969857 -0.035572948348574836 0.06827662693274993 -0.08262057919160426 
0.06516306821343647 1 -0.1321905729219124 0.007218924347692959 -0.04603916160692379 0.09672005017351862 
-0.021287626670969857 -0.1321905729219124 1 0.08577016181960975 0.06026595582912917 -0.00044598767567831973 
-0.035572948348574836 0.007218924347692959 0.08577016181960975 1 -0.051703378394715865 0.018063883595431006 
0.06827662693274993 -0.04603916160692379 0.06026595582912917 -0.051703378394715865 1 0.11485876595861551 
-0.08262057919160426 0.09672005017351862 -0.00044598767567831973 0.018063883595431006 0.11485876595861551 1 

window=21
1 0.011327199465038849 0.025624639700359265 -0.10311893909154915 -0.03535654629637631 0.04186233193964869 
0.011327199465038849 1 -0.016358073574862478 -0.013974966157858322 -0.1404145754421649 -0.07534929826034091 
0.025624639700359265 -0.016358073574862478 1 0.09290893227865038 -0.15387122070330922 0.030038708406474445 
-0.10311893909154915 -0.013974966157858322 0.09290893227865038 1 0.1379190441284396 0.2364657014651159 
-0.03535654629637631 -0.1404145754421649 -0.15387122070330922 0.1379190441284396 1 0.08077155304470111 
0.04186233193964869 -0.07534929826034091 0.030038708406474445 0.2364657014651159 0.08077155304470111 1 

window=22
1 -0.004321459269090018 -0.017879526047276304 -0.00298048306737725 0.07112276055173831 -0.024936442646743925 
-0.004321459269090018 1 0.04306544098800628 0.024920027152555924 -0.07530115711240792 0.053766078041974065 
-0.017879526047276304 0.04306544098800628 1 -0.10653222788837673 0.23624524258191804 -0.06165800146226955 
-0.00298048306737725 0.024920027152555924 -0.10653222788837673 1 0.0017413076434237796 0.1859247303104626 
0.07112276055173831 -0.07530115711240792 0.23624524258191804 0.0017413076434237796 1 0.02903913478761938 
-0.024936442646743925 0.053766078041974065 -0.06165800146226955 0.1859247303104626 0.02903913478761938 1 

window=23
1 0.02641428971054004 -0.032783437144168724 0.007919719862201559 0.08886745732291125 -0.08834021248038579 
0.02641428971054004 1 0.020210837171870315 0.03853572034255553 -0.14698118161585158 -0.054200757244647534 
-0.032783437144168724 0.020210837171870315 1 0.06373409778726384 -0.12221784148934012 0.07331548038558489 
0.007919719862201559 0.03853572034255553 0.06373409778726384 1 0.009390705084101983 -0.01928926000509579 
0.08886745732291125 -0.14698118161585158 -0.12221784148934012 0.009390705084101983 1 0.05036880341030632 
-0.08834021248038579 -0.054200757244647534 0.07331548038558489 -0.01928926000509579 0.05036880341030632 1 

window=24
1 -0.043453039402679854 -0.006897693866236063 0.05538797187755496 -0.124046142319398 0.03200613640985974 
-0.043453039402679854 1 0.021882839140715996 -0.06291328103767682 -0.05923503123050402 -0.09935404784524463 
-0.006897693866236063 0.021882839140715996 1 0.08272251631647869 -0.11679348215150943 0.006939451972318995 
0.05538797187755496 -0.06291328103767682 0.08272251631647869 1 -0.0023396105475685528 0.09312476428013262 
-0.124046142319398 -0.05923503123050402 -0.11679348215150943 -0.0023396105475685528 1 0.03103629692994842 
0.03200613640985974 -0.09935404784524463 0.006939451972318995 0.09312476428013262 0.03103629692994842 1 

window=25
1 0.04812623343361333 0.0059601829853425095 0.025571862158729936 0.03258938862988283 0.020368890281431618 
0.04812623343361333 1 0.12882807449641306 -0.029510734415049186 0.10891621958715954 0.09589998261372297 
0.0059601829853425095 0.12882807449641306 1 0.012770927663240525 -0.12695934731021485 0.0029263645323332303 
0.025571862158729936 -0.029510734415049186 0.012770927663240525 1 -0.01880490033655602 0.03329037757413723 
0.03258938862988283 0.10891621958715954 -0.12695934731021485 -0.01880490033655602 1 -0.0036449128620808084 
0.020368890281431618 0.09589998261372297 0.0029263645323332303 0.03329037757413723 -0.0036449128620808084 1 

window=26
1 -0.09577272507932862 -0.052668462706607 -0.07288756046127631 -0.0727422546264033 -0.06812393530911375 
-0.09577272507932862 1 -0.058593991398125544 -0.04470545910941517 0.5686795306900907 -0.025263914126250293 
-0.052668462706607 -0.058593991398125544 1 0.04379982463029063 0.00845114788100687 0.044277608123796865 
-0.07288756046127631 -0.04470545910941517 0.04379982463029063 1 0.05042097175262416 -0.04076764991180199 
-0.0727422546264033 0.5686795306900907 0.00845114788100687 0.05042097175262416 1 0.07438790665344469 
-0.06812393530911375 -0.025263914126250293 0.044277608123796865 -0.04076764991180199 0.07438790665344469 1 

window=27
1 0.03204491464598649 -0.03736115048724858 0.15085234351866625 0.03645781014520156 0.06299346655639187 
0.03204491464598649 1 0.008396353472675793 0.08361141559170657 0.16714363683378367 -0.09330042742599799 
-0.03736115048724858 0.008396353472675793 1 -0.1656333359223077 -0.08777980543004095 -0.15845391839217404 
0.15085234351866625 0.08361141559170657 -0.1656333359223077 1 0.12521943157482918 0.09471056788957205 
0.03645781014520156 0.16714363683378367 -0.08777980543004095 0.12521943157482918 1 -0.008698021264042186 
0.06299346655639187 -0.09330042742599799 -0.15845391839217404 0.09471056788957205 -0.008698021264042186 1 

window=28
1 0.03793781576109345 0.04759122987159415 -0.025275811786065146 4.5935430799390233e-05 -0.013326950557581605 
0.03793781576109345 1 0.08692291993121543 0.03140753030581704 -0.0392029579471253 0.06085513880567371 
0.04759122987159415 0.08692291993121543 1 0.06372007192001504 -0.003374241324355027 -0.008070727997576927 
-0.025275811786065146 0.03140753030581704 0.06372007192001504 1 -0.07836490988273122 -0.12595929418466034 
4.5935430799390233e-05 -0.0392029579471253 -0.003374241324355027 -0.07836490988273122 1 -0.09754993263289978 
-0.013326950557581605 0.06085513880567371 -0.008070727997576927 -0.12595929418466034 -0.09754993263289978 1 

window=29
1 0.08507691087670612 -0.06839589119888839 -0.08265546767788833 0.06789039406364573 -0.0005234966540641641 
0.08507691087670612 1 -0.10651132865736192 0.10336945327689842 0.23525849754553035 0.08566430406923348 
-0.06839589119888839 -0.10651132865736192 1 0.028821358350649775 0.05502747184444554 0.08444134509849299 
-0.08265546767788833 0.10336945327689842 0.028821358350649775 1 -0.026168598466342216 -0.0032655590481337213 
0.06789039406364573 0.23525849754553035 0.05502747184444554 -0.026168598466342216 1 -0.014066735525116697 
-0.0005234966540641641 0.08566430406923348 0.08444134509849299 -0.0032655590481337213 -0.014066735525116697 1 

window=30
1 -0.03864642674485916 0.2374474840271157 0.4950871759883163 0.06941746917012451 -0.12477481476396633 
-0.03864642674485916 1 0.3809663040943119 -0.04637745786040909 0.016057813045536565 -0.2675287830641943 
0.2374474840271157 0.3809663040943119 1 0.27562916659133013 0.14050983253452887 0.05198135156819092 
0.4950871759883163 -0.04637745786040909 0.27562916659133013 1 -0.42421400528484543 0.18807054142405402 
0.06941746917012451 0.016057813045536565 0.14050983253452887 -0.42421400528484543 1 -0.2861448616670548 
-0.12477481476396633 -0.2675287830641943 0.05198135156819092 0.18807054142405402 -0.2861448616670548 1 

final matrix:
1.0 -0.009036989383881523 -0.0006932747565235866 0.006251960011350733 0.008218778678379333 -0.003600523277581189 
-0.009036989383881523 1.0 0.017343627668487085 -0.002786639588254356 0.030876612564316834 -0.04145612242658129 
-0.0006932747565235866 0.017343627668487085 1.0 0.0030590338246961487 0.024237751799906584 -0.010365545329359 
0.006251960011350733 -0.002786639588254356 0.0030590338246961487 1.0 -0.013169158529358986 0.031446194887162555 
0.008218778678379333 0.030876612564316834 0.024237751799906584 -0.013169158529358986 1.0 0.00959496377059588 
-0.003600523277581189 -0.04145612242658129 -0.010365545329359 0.031446194887162555 0.00959496377059588 1.0 

{1: [1], 2: [2, 10, 5], 9: [9, 11]}
new accuracy=0.6
old accuracy=-0.999:0.26666666666666666
old accuracy=-0.998:0.26666666666666666
old accuracy=-0.997:0.26666666666666666
old accuracy=-0.996:0.26666666666666666
old accuracy=-0.995:0.26666666666666666
old accuracy=-0.994:0.26666666666666666
old accuracy=-0.993:0.26666666666666666
old accuracy=-0.992:0.26666666666666666
old accuracy=-0.991:0.26666666666666666
old accuracy=-0.99:0.26666666666666666
old accuracy=-0.989:0.26666666666666666
old accuracy=-0.988:0.26666666666666666
old accuracy=-0.987:0.26666666666666666
old accuracy=-0.986:0.26666666666666666
old accuracy=-0.985:0.26666666666666666
old accuracy=-0.984:0.26666666666666666
old accuracy=-0.983:0.26666666666666666
old accuracy=-0.982:0.26666666666666666
old accuracy=-0.981:0.26666666666666666
old accuracy=-0.98:0.26666666666666666
old accuracy=-0.979:0.26666666666666666
old accuracy=-0.978:0.26666666666666666
old accuracy=-0.977:0.26666666666666666
old accuracy=-0.976:0.26666666666666666
old accuracy=-0.975:0.26666666666666666
old accuracy=-0.974:0.26666666666666666
old accuracy=-0.973:0.26666666666666666
old accuracy=-0.972:0.26666666666666666
old accuracy=-0.971:0.26666666666666666
old accuracy=-0.97:0.26666666666666666
old accuracy=-0.969:0.26666666666666666
old accuracy=-0.968:0.26666666666666666
old accuracy=-0.967:0.26666666666666666
old accuracy=-0.966:0.26666666666666666
old accuracy=-0.965:0.26666666666666666
old accuracy=-0.964:0.26666666666666666
old accuracy=-0.963:0.26666666666666666
old accuracy=-0.962:0.26666666666666666
old accuracy=-0.961:0.26666666666666666
old accuracy=-0.96:0.26666666666666666
old accuracy=-0.959:0.26666666666666666
old accuracy=-0.958:0.26666666666666666
old accuracy=-0.957:0.26666666666666666
old accuracy=-0.956:0.26666666666666666
old accuracy=-0.955:0.26666666666666666
old accuracy=-0.954:0.26666666666666666
old accuracy=-0.953:0.26666666666666666
old accuracy=-0.952:0.26666666666666666
old accuracy=-0.951:0.26666666666666666
old accuracy=-0.95:0.26666666666666666
old accuracy=-0.949:0.26666666666666666
old accuracy=-0.948:0.26666666666666666
old accuracy=-0.947:0.26666666666666666
old accuracy=-0.946:0.26666666666666666
old accuracy=-0.945:0.26666666666666666
old accuracy=-0.944:0.26666666666666666
old accuracy=-0.943:0.26666666666666666
old accuracy=-0.942:0.26666666666666666
old accuracy=-0.941:0.26666666666666666
old accuracy=-0.94:0.26666666666666666
old accuracy=-0.939:0.26666666666666666
old accuracy=-0.938:0.26666666666666666
old accuracy=-0.9369999999999999:0.26666666666666666
old accuracy=-0.9359999999999999:0.26666666666666666
old accuracy=-0.9349999999999999:0.26666666666666666
old accuracy=-0.9339999999999999:0.26666666666666666
old accuracy=-0.9329999999999999:0.26666666666666666
old accuracy=-0.9319999999999999:0.26666666666666666
old accuracy=-0.9309999999999999:0.26666666666666666
old accuracy=-0.9299999999999999:0.26666666666666666
old accuracy=-0.9289999999999999:0.26666666666666666
old accuracy=-0.9279999999999999:0.26666666666666666
old accuracy=-0.9269999999999999:0.26666666666666666
old accuracy=-0.9259999999999999:0.26666666666666666
old accuracy=-0.9249999999999999:0.26666666666666666
old accuracy=-0.9239999999999999:0.26666666666666666
old accuracy=-0.9229999999999999:0.26666666666666666
old accuracy=-0.9219999999999999:0.26666666666666666
old accuracy=-0.9209999999999999:0.26666666666666666
old accuracy=-0.9199999999999999:0.26666666666666666
old accuracy=-0.9189999999999999:0.26666666666666666
old accuracy=-0.9179999999999999:0.26666666666666666
old accuracy=-0.9169999999999999:0.26666666666666666
old accuracy=-0.9159999999999999:0.26666666666666666
old accuracy=-0.9149999999999999:0.26666666666666666
old accuracy=-0.9139999999999999:0.26666666666666666
old accuracy=-0.9129999999999999:0.26666666666666666
old accuracy=-0.9119999999999999:0.26666666666666666
old accuracy=-0.9109999999999999:0.26666666666666666
old accuracy=-0.9099999999999999:0.26666666666666666
old accuracy=-0.9089999999999999:0.26666666666666666
old accuracy=-0.9079999999999999:0.26666666666666666
old accuracy=-0.9069999999999999:0.26666666666666666
old accuracy=-0.9059999999999999:0.26666666666666666
old accuracy=-0.9049999999999999:0.26666666666666666
old accuracy=-0.9039999999999999:0.26666666666666666
old accuracy=-0.9029999999999999:0.26666666666666666
old accuracy=-0.9019999999999999:0.26666666666666666
old accuracy=-0.9009999999999999:0.26666666666666666
old accuracy=-0.8999999999999999:0.26666666666666666
old accuracy=-0.8989999999999999:0.26666666666666666
old accuracy=-0.8979999999999999:0.26666666666666666
old accuracy=-0.8969999999999999:0.26666666666666666
old accuracy=-0.8959999999999999:0.26666666666666666
old accuracy=-0.8949999999999999:0.26666666666666666
old accuracy=-0.8939999999999999:0.26666666666666666
old accuracy=-0.8929999999999999:0.26666666666666666
old accuracy=-0.8919999999999999:0.26666666666666666
old accuracy=-0.8909999999999999:0.26666666666666666
old accuracy=-0.8899999999999999:0.26666666666666666
old accuracy=-0.8889999999999999:0.26666666666666666
old accuracy=-0.8879999999999999:0.26666666666666666
old accuracy=-0.8869999999999999:0.26666666666666666
old accuracy=-0.8859999999999999:0.26666666666666666
old accuracy=-0.8849999999999999:0.26666666666666666
old accuracy=-0.8839999999999999:0.26666666666666666
old accuracy=-0.8829999999999999:0.26666666666666666
old accuracy=-0.8819999999999999:0.26666666666666666
old accuracy=-0.8809999999999999:0.26666666666666666
old accuracy=-0.8799999999999999:0.26666666666666666
old accuracy=-0.8789999999999999:0.26666666666666666
old accuracy=-0.8779999999999999:0.26666666666666666
old accuracy=-0.8769999999999999:0.26666666666666666
old accuracy=-0.8759999999999999:0.26666666666666666
old accuracy=-0.8749999999999999:0.26666666666666666
old accuracy=-0.8739999999999999:0.26666666666666666
old accuracy=-0.8729999999999999:0.26666666666666666
old accuracy=-0.8719999999999999:0.26666666666666666
old accuracy=-0.8709999999999999:0.26666666666666666
old accuracy=-0.8699999999999999:0.26666666666666666
old accuracy=-0.8689999999999999:0.26666666666666666
old accuracy=-0.8679999999999999:0.26666666666666666
old accuracy=-0.8669999999999999:0.26666666666666666
old accuracy=-0.8659999999999999:0.26666666666666666
old accuracy=-0.8649999999999999:0.26666666666666666
old accuracy=-0.8639999999999999:0.26666666666666666
old accuracy=-0.8629999999999999:0.26666666666666666
old accuracy=-0.8619999999999999:0.26666666666666666
old accuracy=-0.8609999999999999:0.26666666666666666
old accuracy=-0.8599999999999999:0.26666666666666666
old accuracy=-0.8589999999999999:0.26666666666666666
old accuracy=-0.8579999999999999:0.26666666666666666
old accuracy=-0.8569999999999999:0.26666666666666666
old accuracy=-0.8559999999999999:0.26666666666666666
old accuracy=-0.8549999999999999:0.26666666666666666
old accuracy=-0.8539999999999999:0.26666666666666666
old accuracy=-0.8529999999999999:0.26666666666666666
old accuracy=-0.8519999999999999:0.26666666666666666
old accuracy=-0.8509999999999999:0.26666666666666666
old accuracy=-0.8499999999999999:0.26666666666666666
old accuracy=-0.8489999999999999:0.26666666666666666
old accuracy=-0.8479999999999999:0.26666666666666666
old accuracy=-0.8469999999999999:0.26666666666666666
old accuracy=-0.8459999999999999:0.26666666666666666
old accuracy=-0.8449999999999999:0.26666666666666666
old accuracy=-0.8439999999999999:0.26666666666666666
old accuracy=-0.8429999999999999:0.26666666666666666
old accuracy=-0.8419999999999999:0.26666666666666666
old accuracy=-0.8409999999999999:0.26666666666666666
old accuracy=-0.8399999999999999:0.26666666666666666
old accuracy=-0.8389999999999999:0.26666666666666666
old accuracy=-0.8379999999999999:0.26666666666666666
old accuracy=-0.8369999999999999:0.26666666666666666
old accuracy=-0.8359999999999999:0.26666666666666666
old accuracy=-0.8349999999999999:0.26666666666666666
old accuracy=-0.8339999999999999:0.26666666666666666
old accuracy=-0.8329999999999999:0.26666666666666666
old accuracy=-0.8319999999999999:0.26666666666666666
old accuracy=-0.8309999999999998:0.26666666666666666
old accuracy=-0.8299999999999998:0.26666666666666666
old accuracy=-0.8289999999999998:0.26666666666666666
old accuracy=-0.8279999999999998:0.26666666666666666
old accuracy=-0.8269999999999998:0.26666666666666666
old accuracy=-0.8259999999999998:0.26666666666666666
old accuracy=-0.8249999999999998:0.26666666666666666
old accuracy=-0.8239999999999998:0.26666666666666666
old accuracy=-0.8229999999999998:0.26666666666666666
old accuracy=-0.8219999999999998:0.26666666666666666
old accuracy=-0.8209999999999998:0.26666666666666666
old accuracy=-0.8199999999999998:0.26666666666666666
old accuracy=-0.8189999999999998:0.26666666666666666
old accuracy=-0.8179999999999998:0.26666666666666666
old accuracy=-0.8169999999999998:0.26666666666666666
old accuracy=-0.8159999999999998:0.26666666666666666
old accuracy=-0.8149999999999998:0.26666666666666666
old accuracy=-0.8139999999999998:0.26666666666666666
old accuracy=-0.8129999999999998:0.26666666666666666
old accuracy=-0.8119999999999998:0.26666666666666666
old accuracy=-0.8109999999999998:0.26666666666666666
old accuracy=-0.8099999999999998:0.26666666666666666
old accuracy=-0.8089999999999998:0.26666666666666666
old accuracy=-0.8079999999999998:0.26666666666666666
old accuracy=-0.8069999999999998:0.26666666666666666
old accuracy=-0.8059999999999998:0.26666666666666666
old accuracy=-0.8049999999999998:0.26666666666666666
old accuracy=-0.8039999999999998:0.26666666666666666
old accuracy=-0.8029999999999998:0.26666666666666666
old accuracy=-0.8019999999999998:0.26666666666666666
old accuracy=-0.8009999999999998:0.26666666666666666
old accuracy=-0.7999999999999998:0.26666666666666666
old accuracy=-0.7989999999999998:0.26666666666666666
old accuracy=-0.7979999999999998:0.26666666666666666
old accuracy=-0.7969999999999998:0.26666666666666666
old accuracy=-0.7959999999999998:0.26666666666666666
old accuracy=-0.7949999999999998:0.26666666666666666
old accuracy=-0.7939999999999998:0.26666666666666666
old accuracy=-0.7929999999999998:0.26666666666666666
old accuracy=-0.7919999999999998:0.26666666666666666
old accuracy=-0.7909999999999998:0.26666666666666666
old accuracy=-0.7899999999999998:0.26666666666666666
old accuracy=-0.7889999999999998:0.26666666666666666
old accuracy=-0.7879999999999998:0.26666666666666666
old accuracy=-0.7869999999999998:0.26666666666666666
old accuracy=-0.7859999999999998:0.26666666666666666
old accuracy=-0.7849999999999998:0.26666666666666666
old accuracy=-0.7839999999999998:0.26666666666666666
old accuracy=-0.7829999999999998:0.26666666666666666
old accuracy=-0.7819999999999998:0.26666666666666666
old accuracy=-0.7809999999999998:0.26666666666666666
old accuracy=-0.7799999999999998:0.26666666666666666
old accuracy=-0.7789999999999998:0.26666666666666666
old accuracy=-0.7779999999999998:0.26666666666666666
old accuracy=-0.7769999999999998:0.26666666666666666
old accuracy=-0.7759999999999998:0.26666666666666666
old accuracy=-0.7749999999999998:0.26666666666666666
old accuracy=-0.7739999999999998:0.26666666666666666
old accuracy=-0.7729999999999998:0.26666666666666666
old accuracy=-0.7719999999999998:0.26666666666666666
old accuracy=-0.7709999999999998:0.26666666666666666
old accuracy=-0.7699999999999998:0.26666666666666666
old accuracy=-0.7689999999999998:0.26666666666666666
old accuracy=-0.7679999999999998:0.26666666666666666
old accuracy=-0.7669999999999998:0.26666666666666666
old accuracy=-0.7659999999999998:0.26666666666666666
old accuracy=-0.7649999999999998:0.26666666666666666
old accuracy=-0.7639999999999998:0.26666666666666666
old accuracy=-0.7629999999999998:0.26666666666666666
old accuracy=-0.7619999999999998:0.26666666666666666
old accuracy=-0.7609999999999998:0.26666666666666666
old accuracy=-0.7599999999999998:0.26666666666666666
old accuracy=-0.7589999999999998:0.26666666666666666
old accuracy=-0.7579999999999998:0.26666666666666666
old accuracy=-0.7569999999999998:0.26666666666666666
old accuracy=-0.7559999999999998:0.26666666666666666
old accuracy=-0.7549999999999998:0.26666666666666666
old accuracy=-0.7539999999999998:0.26666666666666666
old accuracy=-0.7529999999999998:0.26666666666666666
old accuracy=-0.7519999999999998:0.26666666666666666
old accuracy=-0.7509999999999998:0.26666666666666666
old accuracy=-0.7499999999999998:0.26666666666666666
old accuracy=-0.7489999999999998:0.26666666666666666
old accuracy=-0.7479999999999998:0.26666666666666666
old accuracy=-0.7469999999999998:0.26666666666666666
old accuracy=-0.7459999999999998:0.26666666666666666
old accuracy=-0.7449999999999998:0.26666666666666666
old accuracy=-0.7439999999999998:0.26666666666666666
old accuracy=-0.7429999999999998:0.26666666666666666
old accuracy=-0.7419999999999998:0.26666666666666666
old accuracy=-0.7409999999999998:0.26666666666666666
old accuracy=-0.7399999999999998:0.26666666666666666
old accuracy=-0.7389999999999998:0.26666666666666666
old accuracy=-0.7379999999999998:0.26666666666666666
old accuracy=-0.7369999999999998:0.26666666666666666
old accuracy=-0.7359999999999998:0.26666666666666666
old accuracy=-0.7349999999999998:0.26666666666666666
old accuracy=-0.7339999999999998:0.26666666666666666
old accuracy=-0.7329999999999998:0.26666666666666666
old accuracy=-0.7319999999999998:0.26666666666666666
old accuracy=-0.7309999999999998:0.26666666666666666
old accuracy=-0.7299999999999998:0.26666666666666666
old accuracy=-0.7289999999999998:0.26666666666666666
old accuracy=-0.7279999999999998:0.26666666666666666
old accuracy=-0.7269999999999998:0.26666666666666666
old accuracy=-0.7259999999999998:0.26666666666666666
old accuracy=-0.7249999999999998:0.26666666666666666
old accuracy=-0.7239999999999998:0.26666666666666666
old accuracy=-0.7229999999999998:0.26666666666666666
old accuracy=-0.7219999999999998:0.26666666666666666
old accuracy=-0.7209999999999998:0.26666666666666666
old accuracy=-0.7199999999999998:0.26666666666666666
old accuracy=-0.7189999999999998:0.26666666666666666
old accuracy=-0.7179999999999997:0.26666666666666666
old accuracy=-0.7169999999999997:0.26666666666666666
old accuracy=-0.7159999999999997:0.26666666666666666
old accuracy=-0.7149999999999997:0.26666666666666666
old accuracy=-0.7139999999999997:0.26666666666666666
old accuracy=-0.7129999999999997:0.26666666666666666
old accuracy=-0.7119999999999997:0.26666666666666666
old accuracy=-0.7109999999999997:0.26666666666666666
old accuracy=-0.7099999999999997:0.26666666666666666
old accuracy=-0.7089999999999997:0.26666666666666666
old accuracy=-0.7079999999999997:0.26666666666666666
old accuracy=-0.7069999999999997:0.26666666666666666
old accuracy=-0.7059999999999997:0.26666666666666666
old accuracy=-0.7049999999999997:0.26666666666666666
old accuracy=-0.7039999999999997:0.26666666666666666
old accuracy=-0.7029999999999997:0.26666666666666666
old accuracy=-0.7019999999999997:0.26666666666666666
old accuracy=-0.7009999999999997:0.26666666666666666
old accuracy=-0.6999999999999997:0.26666666666666666
old accuracy=-0.6989999999999997:0.26666666666666666
old accuracy=-0.6979999999999997:0.26666666666666666
old accuracy=-0.6969999999999997:0.26666666666666666
old accuracy=-0.6959999999999997:0.26666666666666666
old accuracy=-0.6949999999999997:0.26666666666666666
old accuracy=-0.6939999999999997:0.26666666666666666
old accuracy=-0.6929999999999997:0.26666666666666666
old accuracy=-0.6919999999999997:0.26666666666666666
old accuracy=-0.6909999999999997:0.26666666666666666
old accuracy=-0.6899999999999997:0.26666666666666666
old accuracy=-0.6889999999999997:0.26666666666666666
old accuracy=-0.6879999999999997:0.26666666666666666
old accuracy=-0.6869999999999997:0.26666666666666666
old accuracy=-0.6859999999999997:0.26666666666666666
old accuracy=-0.6849999999999997:0.26666666666666666
old accuracy=-0.6839999999999997:0.26666666666666666
old accuracy=-0.6829999999999997:0.26666666666666666
old accuracy=-0.6819999999999997:0.26666666666666666
old accuracy=-0.6809999999999997:0.26666666666666666
old accuracy=-0.6799999999999997:0.26666666666666666
old accuracy=-0.6789999999999997:0.26666666666666666
old accuracy=-0.6779999999999997:0.26666666666666666
old accuracy=-0.6769999999999997:0.26666666666666666
old accuracy=-0.6759999999999997:0.26666666666666666
old accuracy=-0.6749999999999997:0.26666666666666666
old accuracy=-0.6739999999999997:0.26666666666666666
old accuracy=-0.6729999999999997:0.26666666666666666
old accuracy=-0.6719999999999997:0.26666666666666666
old accuracy=-0.6709999999999997:0.26666666666666666
old accuracy=-0.6699999999999997:0.26666666666666666
old accuracy=-0.6689999999999997:0.26666666666666666
old accuracy=-0.6679999999999997:0.26666666666666666
old accuracy=-0.6669999999999997:0.26666666666666666
old accuracy=-0.6659999999999997:0.26666666666666666
old accuracy=-0.6649999999999997:0.26666666666666666
old accuracy=-0.6639999999999997:0.26666666666666666
old accuracy=-0.6629999999999997:0.26666666666666666
old accuracy=-0.6619999999999997:0.26666666666666666
old accuracy=-0.6609999999999997:0.26666666666666666
old accuracy=-0.6599999999999997:0.26666666666666666
old accuracy=-0.6589999999999997:0.26666666666666666
old accuracy=-0.6579999999999997:0.26666666666666666
old accuracy=-0.6569999999999997:0.26666666666666666
old accuracy=-0.6559999999999997:0.26666666666666666
old accuracy=-0.6549999999999997:0.26666666666666666
old accuracy=-0.6539999999999997:0.26666666666666666
old accuracy=-0.6529999999999997:0.26666666666666666
old accuracy=-0.6519999999999997:0.26666666666666666
old accuracy=-0.6509999999999997:0.26666666666666666
old accuracy=-0.6499999999999997:0.26666666666666666
old accuracy=-0.6489999999999997:0.26666666666666666
old accuracy=-0.6479999999999997:0.26666666666666666
old accuracy=-0.6469999999999997:0.26666666666666666
old accuracy=-0.6459999999999997:0.26666666666666666
old accuracy=-0.6449999999999997:0.26666666666666666
old accuracy=-0.6439999999999997:0.26666666666666666
old accuracy=-0.6429999999999997:0.26666666666666666
old accuracy=-0.6419999999999997:0.26666666666666666
old accuracy=-0.6409999999999997:0.26666666666666666
old accuracy=-0.6399999999999997:0.26666666666666666
old accuracy=-0.6389999999999997:0.26666666666666666
old accuracy=-0.6379999999999997:0.26666666666666666
old accuracy=-0.6369999999999997:0.26666666666666666
old accuracy=-0.6359999999999997:0.26666666666666666
old accuracy=-0.6349999999999997:0.26666666666666666
old accuracy=-0.6339999999999997:0.26666666666666666
old accuracy=-0.6329999999999997:0.26666666666666666
old accuracy=-0.6319999999999997:0.26666666666666666
old accuracy=-0.6309999999999997:0.26666666666666666
old accuracy=-0.6299999999999997:0.26666666666666666
old accuracy=-0.6289999999999997:0.26666666666666666
old accuracy=-0.6279999999999997:0.26666666666666666
old accuracy=-0.6269999999999997:0.26666666666666666
old accuracy=-0.6259999999999997:0.26666666666666666
old accuracy=-0.6249999999999997:0.26666666666666666
old accuracy=-0.6239999999999997:0.26666666666666666
