window=0
1 0.15896411739146327 0.43485689619210127 0.2933711906651977 0.5257243773754482 0.08798090684294838 
0.15896411739146327 1 0.07499742919672212 -0.021394104403163004 0.2440816277860517 -0.10643004339192036 
0.43485689619210127 0.07499742919672212 1 0.6425880286492032 0.2577869236559872 0.48572283742735506 
0.2933711906651977 -0.021394104403163004 0.6425880286492032 1 0.06211303379753404 0.8105165340527588 
0.5257243773754482 0.2440816277860517 0.2577869236559872 0.06211303379753404 1 -0.1587662170018215 
0.08798090684294838 -0.10643004339192036 0.48572283742735506 0.8105165340527588 -0.1587662170018215 1 

window=1
1 0.8339647041955663 -0.2897816899644295 -0.7897239974597775 0.0565722813183217 -0.7798979427539818 
0.8339647041955663 1 -0.09132920257091123 -0.9142244787917928 0.036939469321009194 -0.9028374475750895 
-0.2897816899644295 -0.09132920257091123 1 0.037324778467583454 -0.16083073235945955 0.045478283716628376 
-0.7897239974597775 -0.9142244787917928 0.037324778467583454 1 -0.04569117785279585 0.9523877224569528 
0.0565722813183217 0.036939469321009194 -0.16083073235945955 -0.04569117785279585 1 -0.058558326467312814 
-0.7798979427539818 -0.9028374475750895 0.045478283716628376 0.9523877224569528 -0.058558326467312814 1 

window=2
1 0.34916560880992226 0.3086213661340507 0.41905009578370006 0.4424239900353093 0.44083955302669925 
0.34916560880992226 1 0.56361320756461 0.443077678608606 0.23391827595683862 0.540251886827384 
0.3086213661340507 0.56361320756461 1 0.6292233122550405 0.3336297091452744 0.7217498487223241 
0.41905009578370006 0.443077678608606 0.6292233122550405 1 0.6132678278351404 0.8587153827311764 
0.4424239900353093 0.23391827595683862 0.3336297091452744 0.6132678278351404 1 0.6209188984284513 
0.44083955302669925 0.540251886827384 0.7217498487223241 0.8587153827311764 0.6209188984284513 1 

window=3
1 0.02993120200829798 0.09475689661667715 -0.16042283149960043 -0.02111154653880687 -0.05233816465781785 
0.02993120200829798 1 -0.42663545879338305 -0.11155564995330411 0.2208753467790366 0.26023863833658806 
0.09475689661667715 -0.42663545879338305 1 0.3072303467457033 -0.11624509460494428 -0.2378977033818802 
-0.16042283149960043 -0.11155564995330411 0.3072303467457033 1 0.01636708607323943 0.28490271110021326 
-0.02111154653880687 0.2208753467790366 -0.11624509460494428 0.01636708607323943 1 0.10920822278768665 
-0.05233816465781785 0.26023863833658806 -0.2378977033818802 0.28490271110021326 0.10920822278768665 1 

window=4
1 0.5237868677381834 -0.4036288274004261 0.7573187797100411 0.23505397153924268 0.7461149397397179 
0.5237868677381834 1 -0.2817288144084997 0.48105818813260653 0.061249312949972566 0.49689440589758294 
-0.4036288274004261 -0.2817288144084997 1 -0.3273918289823651 -0.14275700549390735 -0.3510867257233239 
0.7573187797100411 0.48105818813260653 -0.3273918289823651 1 -0.0010127555522200518 0.9170808120452765 
0.23505397153924268 0.061249312949972566 -0.14275700549390735 -0.0010127555522200518 1 0.008943225474747503 
0.7461149397397179 0.49689440589758294 -0.3510867257233239 0.9170808120452765 0.008943225474747503 1 

window=5
1 -0.33024421892441097 -0.06696876515018292 -0.023200967693409312 0.052246700703984385 -0.08460733707707226 
-0.33024421892441097 1 0.5350875570351373 -0.3196839221924827 0.567486685149302 -0.37180292773590046 
-0.06696876515018292 0.5350875570351373 1 -0.4106712488056789 0.8330205051714056 -0.30215018632231316 
-0.023200967693409312 -0.3196839221924827 -0.4106712488056789 1 -0.5438399059251393 0.46569917419996787 
0.052246700703984385 0.567486685149302 0.8330205051714056 -0.5438399059251393 1 -0.5254850452515077 
-0.08460733707707226 -0.37180292773590046 -0.30215018632231316 0.46569917419996787 -0.5254850452515077 1 

window=6
1 -0.2750349084487775 0.3929470017862839 -0.0756260918891334 -0.12674311341970698 -0.28134148580885826 
-0.2750349084487775 1 -0.480396609802808 -0.4935597600942994 0.5919911979246489 -0.1949429556104937 
0.3929470017862839 -0.480396609802808 1 -0.2113705409162087 -0.3630429863851042 -0.28288902905545366 
-0.0756260918891334 -0.4935597600942994 -0.2113705409162087 1 -0.43927144101101634 0.589279894781221 
-0.12674311341970698 0.5919911979246489 -0.3630429863851042 -0.43927144101101634 1 -0.2376369091200937 
-0.28134148580885826 -0.1949429556104937 -0.28288902905545366 0.589279894781221 -0.2376369091200937 1 

window=7
1 0.3986165416095993 0.07587670681533533 0.6093026126928419 0.5441545374396931 0.7048195427771049 
0.3986165416095993 1 -0.25897034804988556 0.1745503164767885 0.16501645068395066 0.34678415751659136 
0.07587670681533533 -0.25897034804988556 1 0.16086430656273168 0.045633926165282945 0.16671755580233585 
0.6093026126928419 0.1745503164767885 0.16086430656273168 1 0.28567829694627855 0.6882762284548043 
0.5441545374396931 0.16501645068395066 0.045633926165282945 0.28567829694627855 1 0.41982949224629607 
0.7048195427771049 0.34678415751659136 0.16671755580233585 0.6882762284548043 0.41982949224629607 1 

window=8
1 0.4963882456689319 0.06084960086378959 -0.5445781542015058 -0.4341327184070443 -0.6042992244319298 
0.4963882456689319 1 0.09719003419666936 -0.4632598109560725 -0.3513144328753453 -0.41479792502083374 
0.06084960086378959 0.09719003419666936 1 0.3371476873633235 -0.08419546434016127 0.2749236369395054 
-0.5445781542015058 -0.4632598109560725 0.3371476873633235 1 0.22507001758152914 0.7841494622904073 
-0.4341327184070443 -0.3513144328753453 -0.08419546434016127 0.22507001758152914 1 0.23986123944777452 
-0.6042992244319298 -0.41479792502083374 0.2749236369395054 0.7841494622904073 0.23986123944777452 1 

window=9
1 -0.1421801886273255 0.27935627799047164 0.5596358940446948 -0.050008439129303195 0.1670118174693989 
-0.1421801886273255 1 -0.1195713937660949 -0.09502113256576647 0.07596313641535461 -0.01439466069710256 
0.27935627799047164 -0.1195713937660949 1 0.37591514893653555 0.12351967421528992 -0.0026719486562412575 
0.5596358940446948 -0.09502113256576647 0.37591514893653555 1 -0.051208050562961877 0.07196086015619983 
-0.050008439129303195 0.07596313641535461 0.12351967421528992 -0.051208050562961877 1 -0.13614264244216082 
0.1670118174693989 -0.01439466069710256 -0.0026719486562412575 0.07196086015619983 -0.13614264244216082 1 

window=10
1 0.24463527883505118 -0.5959626847178437 0.7842496212363322 0.7398897166844665 0.7227896536272184 
0.24463527883505118 1 -0.39128526099452154 0.28405079811905976 0.3315771574604808 0.2978361596588841 
-0.5959626847178437 -0.39128526099452154 1 -0.49658963037882314 -0.625082788150987 -0.40167684207774673 
0.7842496212363322 0.28405079811905976 -0.49658963037882314 1 0.5776059109370157 0.8006359447260845 
0.7398897166844665 0.3315771574604808 -0.625082788150987 0.5776059109370157 1 0.5625616775053423 
0.7227896536272184 0.2978361596588841 -0.40167684207774673 0.8006359447260845 0.5625616775053423 1 

window=11
1 0.5708801683187986 0.5735375617947333 -0.6614158840602542 -0.043032850801123526 -0.6681490754502329 
0.5708801683187986 1 0.21061153951019468 -0.5878907234163865 -0.023741266461253546 -0.40927552793908745 
0.5735375617947333 0.21061153951019468 1 -0.3532249093383555 0.011154322937694793 -0.4996084737017192 
-0.6614158840602542 -0.5878907234163865 -0.3532249093383555 1 0.012175426890527358 0.7071945388255412 
-0.043032850801123526 -0.023741266461253546 0.011154322937694793 0.012175426890527358 1 -0.14075121005730848 
-0.6681490754502329 -0.40927552793908745 -0.4996084737017192 0.7071945388255412 -0.14075121005730848 1 

window=12
1 -0.6057531603584719 0.541379154614619 -0.6947146139836149 0.26488853331865414 -0.6720129238999119 
-0.6057531603584719 1 -0.3253780017704499 0.7798173898973004 -0.07279611039545517 0.7805989658740488 
0.541379154614619 -0.3253780017704499 1 -0.2828590091363018 0.4127158241861659 -0.3018165000263107 
-0.6947146139836149 0.7798173898973004 -0.2828590091363018 1 -0.19043516788076315 0.9363213072300123 
0.26488853331865414 -0.07279611039545517 0.4127158241861659 -0.19043516788076315 1 -0.20513980712604077 
-0.6720129238999119 0.7805989658740488 -0.3018165000263107 0.9363213072300123 -0.20513980712604077 1 

window=13
1 -0.5593811966907675 0.11388160231052173 -0.32219158996742275 0.6806212596895069 -0.4461406879772697 
-0.5593811966907675 1 0.36761206087361387 0.05055036603447621 -0.6465425121226471 0.2168570568455331 
0.11388160231052173 0.36761206087361387 1 -0.4689755210297878 -0.20514813780601748 -0.44320058355697106 
-0.32219158996742275 0.05055036603447621 -0.4689755210297878 1 -0.19019957706413917 0.8752830400460329 
0.6806212596895069 -0.6465425121226471 -0.20514813780601748 -0.19019957706413917 1 -0.3319294926285229 
-0.4461406879772697 0.2168570568455331 -0.44320058355697106 0.8752830400460329 -0.3319294926285229 1 

window=14
1 0.38203607671284834 -0.08704056147456768 0.5116921043256892 -0.42827101095488446 -0.07656116330339563 
0.38203607671284834 1 0.02317391625096349 0.25751610916012135 -0.2503643416860779 0.08385217283882825 
-0.08704056147456768 0.02317391625096349 1 0.37248010086945227 -0.48759956812100064 0.13668384886899312 
0.5116921043256892 0.25751610916012135 0.37248010086945227 1 -0.41740660341453967 0.3478585781529284 
-0.42827101095488446 -0.2503643416860779 -0.48759956812100064 -0.41740660341453967 1 0.02547924007604305 
-0.07656116330339563 0.08385217283882825 0.13668384886899312 0.3478585781529284 0.02547924007604305 1 

window=15
1 -0.5473302880461353 -0.2606569644171008 -0.34496163164537547 -0.14065505821509125 -0.5250345087332822 
-0.5473302880461353 1 0.6018712839860846 0.631089867598729 0.6114142219951382 0.6649554924791633 
-0.2606569644171008 0.6018712839860846 1 0.2998463066260705 0.8534391574240068 0.25018518107746623 
-0.34496163164537547 0.631089867598729 0.2998463066260705 1 0.23060389705021178 0.5023271437511949 
-0.14065505821509125 0.6114142219951382 0.8534391574240068 0.23060389705021178 1 0.0981080479174547 
-0.5250345087332822 0.6649554924791633 0.25018518107746623 0.5023271437511949 0.0981080479174547 1 

window=16
1 -0.5013737201676415 0.5182540166361245 -0.5471946996858714 -0.2365182971939225 -0.5282033043989259 
-0.5013737201676415 1 -0.6812642939238438 0.7292669575392748 0.3138224555492424 0.7119547573827344 
0.5182540166361245 -0.6812642939238438 1 -0.6406831417211272 -0.18271579224912202 -0.6682715607785124 
-0.5471946996858714 0.7292669575392748 -0.6406831417211272 1 0.253257501274715 0.982519107182616 
-0.2365182971939225 0.3138224555492424 -0.18271579224912202 0.253257501274715 1 0.13167223714926435 
-0.5282033043989259 0.7119547573827344 -0.6682715607785124 0.982519107182616 0.13167223714926435 1 

window=17
1 0.2085964206023903 -0.2204523335610422 -0.6903786179506637 0.18822632886516968 -0.703800743061324 
0.2085964206023903 1 -0.24254301112833515 -0.3482723064231608 0.19069325428707096 -0.38582044289207057 
-0.2204523335610422 -0.24254301112833515 1 0.06743420794532584 0.0050281635091777785 0.13788041507752818 
-0.6903786179506637 -0.3482723064231608 0.06743420794532584 1 -0.20419202284516533 0.9256769939428501 
0.18822632886516968 0.19069325428707096 0.0050281635091777785 -0.20419202284516533 1 -0.24601164519680668 
-0.703800743061324 -0.38582044289207057 0.13788041507752818 0.9256769939428501 -0.24601164519680668 1 

window=18
1 -0.6440073238186227 0.3360954806229068 -0.30441065280193674 -0.49485191762705744 -0.34621264593428636 
-0.6440073238186227 1 -0.668892101625732 0.6716117595074905 0.6423811810608253 0.6417437042242544 
0.3360954806229068 -0.668892101625732 1 -0.6992560760508957 -0.4487291880299422 -0.7184426423429435 
-0.30441065280193674 0.6716117595074905 -0.6992560760508957 1 0.4975084490337185 0.7696047576112717 
-0.49485191762705744 0.6423811810608253 -0.4487291880299422 0.4975084490337185 1 0.41879607603218144 
-0.34621264593428636 0.6417437042242544 -0.7184426423429435 0.7696047576112717 0.41879607603218144 1 

window=19
1 -0.36131499525202626 -0.32299122878659586 -0.18222007725099149 -0.26457392444430927 -0.24046647040402788 
-0.36131499525202626 1 -0.021732013970534217 -0.1669651897614403 0.1263228483374053 -0.09516624573354472 
-0.32299122878659586 -0.021732013970534217 1 0.15490866019429367 0.39984575767774144 0.3756046216690045 
-0.18222007725099149 -0.1669651897614403 0.15490866019429367 1 -0.07751382730192584 0.6397985969851784 
-0.26457392444430927 0.1263228483374053 0.39984575767774144 -0.07751382730192584 1 0.12661009320785296 
-0.24046647040402788 -0.09516624573354472 0.3756046216690045 0.6397985969851784 0.12661009320785296 1 

window=20
1 0.5362108653710064 -0.20119907697579864 0.5847882961181701 0.0612403712924377 0.5144066450478266 
0.5362108653710064 1 0.0108562083835132 0.5932806431851919 0.11338394930602227 0.5919026714346232 
-0.20119907697579864 0.0108562083835132 1 -0.05744601391806506 -0.5723453804751413 -0.03936582169376614 
0.5847882961181701 0.5932806431851919 -0.05744601391806506 1 0.07755439655959566 0.9081569922039341 
0.0612403712924377 0.11338394930602227 -0.5723453804751413 0.07755439655959566 1 0.06304226719970342 
0.5144066450478266 0.5919026714346232 -0.03936582169376614 0.9081569922039341 0.06304226719970342 1 

window=21
1 -0.7673590131247007 -0.6941466991951546 0.7317562219585806 0.2506402527475096 0.661046386915369 
-0.7673590131247007 1 0.6915398160394814 -0.7056487625592958 -0.3162604741517289 -0.7920965230580164 
-0.6941466991951546 0.6915398160394814 1 -0.7137287067281706 -0.22411662666067292 -0.5341640683396555 
0.7317562219585806 -0.7056487625592958 -0.7137287067281706 1 0.3120815818923038 0.706505551078302 
0.2506402527475096 -0.3162604741517289 -0.22411662666067292 0.3120815818923038 1 0.35384916380053905 
0.661046386915369 -0.7920965230580164 -0.5341640683396555 0.706505551078302 0.35384916380053905 1 

window=22
1 -0.029659643833311128 -0.16848447019529558 0.8562482574071912 0.3280331070003726 0.6973072702716221 
-0.029659643833311128 1 0.5522804606400435 -0.2589913219454502 -0.4195671844299165 -0.4363092638290309 
-0.16848447019529558 0.5522804606400435 1 -0.39950260124348114 -0.43222271144125 -0.6008284648885697 
0.8562482574071912 -0.2589913219454502 -0.39950260124348114 1 0.41303341123676723 0.8582508149483191 
0.3280331070003726 -0.4195671844299165 -0.43222271144125 0.41303341123676723 1 0.5175161554466688 
0.6973072702716221 -0.4363092638290309 -0.6008284648885697 0.8582508149483191 0.5175161554466688 1 

window=23
1 0.7304856268049397 -0.5437119411170382 0.45657336231051243 0.7616832662766511 0.19216127205994551 
0.7304856268049397 1 -0.26859770860213655 0.463611186365311 0.6914877743988154 0.21821677070309087 
-0.5437119411170382 -0.26859770860213655 1 -0.09694419522157427 -0.42614697355898645 -0.2568594405728405 
0.45657336231051243 0.463611186365311 -0.09694419522157427 1 0.34476062380653977 0.2688076701409349 
0.7616832662766511 0.6914877743988154 -0.42614697355898645 0.34476062380653977 1 0.030671662165591772 
0.19216127205994551 0.21821677070309087 -0.2568594405728405 0.2688076701409349 0.030671662165591772 1 

window=24
1 -0.38209275209803334 0.4224559787285775 -0.1407136548523179 0.5078179361369665 -0.28980594586983044 
-0.38209275209803334 1 -0.12192339166835374 0.22809982806160958 -0.30234777579783795 0.2670699805327738 
0.4224559787285775 -0.12192339166835374 1 0.20827520256137913 0.6354827358838739 0.09870549726515843 
-0.1407136548523179 0.22809982806160958 0.20827520256137913 1 -0.1911433181401332 0.7344181435784338 
0.5078179361369665 -0.30234777579783795 0.6354827358838739 -0.1911433181401332 1 -0.2547540164207271 
-0.28980594586983044 0.2670699805327738 0.09870549726515843 0.7344181435784338 -0.2547540164207271 1 

window=25
1 0.1575069658488276 0.5858421808322539 -0.5964642982171232 -0.0461534425662491 -0.7689554437055028 
0.1575069658488276 1 -0.06560389822922133 -0.2252071268912711 0.004550659836476244 -0.2635527182462534 
0.5858421808322539 -0.06560389822922133 1 -0.006950169670793949 -0.16274665552052503 -0.3045138048035364 
-0.5964642982171232 -0.2252071268912711 -0.006950169670793949 1 -0.19243191631834328 0.8379241192873381 
-0.0461534425662491 0.004550659836476244 -0.16274665552052503 -0.19243191631834328 1 -0.1648836806928286 
-0.7689554437055028 -0.2635527182462534 -0.3045138048035364 0.8379241192873381 -0.1648836806928286 1 

window=26
1 -0.2484469440376352 0.32551599852734997 -0.4617117842180282 0.04025619162519486 -0.3476732637806888 
-0.2484469440376352 1 -0.03182214422655658 0.6030064564249604 0.07160570608364988 0.7583594082012202 
0.32551599852734997 -0.03182214422655658 1 -0.4197995468815688 0.050303663269921625 -0.21687854029519998 
-0.4617117842180282 0.6030064564249604 -0.4197995468815688 1 0.1263702231703341 0.7773834304974787 
0.04025619162519486 0.07160570608364988 0.050303663269921625 0.1263702231703341 1 0.23379051862326566 
-0.3476732637806888 0.7583594082012202 -0.21687854029519998 0.7773834304974787 0.23379051862326566 1 

window=27
1 -0.3816351862092564 -0.2613886546993292 0.3626220419496554 0.23016976970014752 0.46082505346155594 
-0.3816351862092564 1 0.49367134472791235 -0.5923642380676936 -0.4488666916563104 -0.775414315785925 
-0.2613886546993292 0.49367134472791235 1 -0.9128364356979868 -0.7941474700105923 -0.6936490020753862 
0.3626220419496554 -0.5923642380676936 -0.9128364356979868 1 0.7391289797879803 0.8566563453757359 
0.23016976970014752 -0.4488666916563104 -0.7941474700105923 0.7391289797879803 1 0.6026661660409085 
0.46082505346155594 -0.775414315785925 -0.6936490020753862 0.8566563453757359 0.6026661660409085 1 

window=28
1 0.4535931291135112 0.5768165506417086 -0.30609427848034637 -0.08251482133416797 -0.02597509931694537 
0.4535931291135112 1 0.45593494638248727 -0.34083038052722153 -0.06229943490582911 -0.09493573206061325 
0.5768165506417086 0.45593494638248727 1 -0.38396977604213756 0.12989366956957013 -0.1455717792708117 
-0.30609427848034637 -0.34083038052722153 -0.38396977604213756 1 0.009560243319428487 0.3984282567006335 
-0.08251482133416797 -0.06229943490582911 0.12989366956957013 0.009560243319428487 1 0.11604322568970454 
-0.02597509931694537 -0.09493573206061325 -0.1455717792708117 0.3984282567006335 0.11604322568970454 1 

window=29
1 -0.5970380233023217 0.12179860756813111 0.6439638422380352 0.14498382763008247 0.6001062308983013 
-0.5970380233023217 1 -0.439072788530869 -0.4879399016412223 -0.3431251867341257 -0.6502944110386888 
0.12179860756813111 -0.439072788530869 1 0.25326851447334436 0.8066796083664289 0.362900621857763 
0.6439638422380352 -0.4879399016412223 0.25326851447334436 1 0.28090491973295934 0.7341084149639573 
0.14498382763008247 -0.3431251867341257 0.8066796083664289 0.28090491973295934 1 0.33331004255794167 
0.6001062308983013 -0.6502944110386888 0.362900621857763 0.7341084149639573 0.33331004255794167 1 

window=30
1 -0.7518422335590137 -0.12356661303118581 -0.813448575260698 0.8498199113330406 -0.7836495647733315 
-0.7518422335590137 1 0.2316390860029709 0.6867868173082784 -0.7562277202559154 0.7396496856804344 
-0.12356661303118581 0.2316390860029709 1 0.08129281321204171 -0.39783506539768565 -0.2984642296380008 
-0.813448575260698 0.6867868173082784 0.08129281321204171 1 -0.746474096516364 0.7771328247716026 
0.8498199113330406 -0.7562277202559154 -0.39783506539768565 -0.746474096516364 1 -0.6445279141297986 
-0.7836495647733315 0.7396496856804344 -0.2984642296380008 0.7771328247716026 -0.6445279141297986 1 

final matrix:
1.0 -0.033868773466745584 0.049124560257730474 -0.0028677445379815788 0.14631868355098487 -0.07192631365164216 
-0.033868773466745584 1.0 -0.00021508229908813863 0.030469856523541325 0.04197766386480156 0.05513208947803756 
0.049124560257730474 -0.00021508229908813863 1.0 -0.09530322377100946 -0.029928193529925092 -0.1368856451218426 
-0.0028677445379815788 0.030469856523541325 -0.09530322377100946 1.0 0.05762006343678426 0.7021923017506244 
0.14631868355098487 0.04197766386480156 -0.029928193529925092 0.05762006343678426 1.0 0.06155776597620931 
-0.07192631365164216 0.05513208947803756 -0.1368856451218426 0.7021923017506244 0.06155776597620931 1.0 

{1: [1, 10, 5], 2: [2], 9: [9, 11]}
new accuracy=0.6
old accuracy=-0.999:0.26666666666666666
old accuracy=-0.998:0.26666666666666666
old accuracy=-0.997:0.26666666666666666
old accuracy=-0.996:0.26666666666666666
old accuracy=-0.995:0.26666666666666666
old accuracy=-0.994:0.26666666666666666
old accuracy=-0.993:0.26666666666666666
old accuracy=-0.992:0.26666666666666666
old accuracy=-0.991:0.26666666666666666
old accuracy=-0.99:0.26666666666666666
old accuracy=-0.989:0.26666666666666666
old accuracy=-0.988:0.26666666666666666
old accuracy=-0.987:0.26666666666666666
old accuracy=-0.986:0.26666666666666666
old accuracy=-0.985:0.26666666666666666
old accuracy=-0.984:0.26666666666666666
old accuracy=-0.983:0.26666666666666666
old accuracy=-0.982:0.26666666666666666
old accuracy=-0.981:0.26666666666666666
old accuracy=-0.98:0.26666666666666666
old accuracy=-0.979:0.26666666666666666
old accuracy=-0.978:0.26666666666666666
old accuracy=-0.977:0.26666666666666666
old accuracy=-0.976:0.26666666666666666
old accuracy=-0.975:0.26666666666666666
old accuracy=-0.974:0.26666666666666666
old accuracy=-0.973:0.26666666666666666
old accuracy=-0.972:0.26666666666666666
old accuracy=-0.971:0.26666666666666666
old accuracy=-0.97:0.26666666666666666
old accuracy=-0.969:0.26666666666666666
old accuracy=-0.968:0.26666666666666666
old accuracy=-0.967:0.26666666666666666
old accuracy=-0.966:0.26666666666666666
old accuracy=-0.965:0.26666666666666666
old accuracy=-0.964:0.26666666666666666
old accuracy=-0.963:0.26666666666666666
old accuracy=-0.962:0.26666666666666666
old accuracy=-0.961:0.26666666666666666
old accuracy=-0.96:0.26666666666666666
old accuracy=-0.959:0.26666666666666666
old accuracy=-0.958:0.26666666666666666
old accuracy=-0.957:0.26666666666666666
old accuracy=-0.956:0.26666666666666666
old accuracy=-0.955:0.26666666666666666
old accuracy=-0.954:0.26666666666666666
old accuracy=-0.953:0.26666666666666666
old accuracy=-0.952:0.26666666666666666
old accuracy=-0.951:0.26666666666666666
old accuracy=-0.95:0.26666666666666666
old accuracy=-0.949:0.26666666666666666
old accuracy=-0.948:0.26666666666666666
old accuracy=-0.947:0.26666666666666666
old accuracy=-0.946:0.26666666666666666
old accuracy=-0.945:0.26666666666666666
old accuracy=-0.944:0.26666666666666666
old accuracy=-0.943:0.26666666666666666
old accuracy=-0.942:0.26666666666666666
old accuracy=-0.941:0.26666666666666666
old accuracy=-0.94:0.26666666666666666
old accuracy=-0.939:0.26666666666666666
old accuracy=-0.938:0.26666666666666666
old accuracy=-0.9369999999999999:0.26666666666666666
old accuracy=-0.9359999999999999:0.26666666666666666
old accuracy=-0.9349999999999999:0.26666666666666666
old accuracy=-0.9339999999999999:0.26666666666666666
old accuracy=-0.9329999999999999:0.26666666666666666
old accuracy=-0.9319999999999999:0.26666666666666666
old accuracy=-0.9309999999999999:0.26666666666666666
old accuracy=-0.9299999999999999:0.26666666666666666
old accuracy=-0.9289999999999999:0.26666666666666666
old accuracy=-0.9279999999999999:0.26666666666666666
old accuracy=-0.9269999999999999:0.26666666666666666
old accuracy=-0.9259999999999999:0.26666666666666666
old accuracy=-0.9249999999999999:0.26666666666666666
old accuracy=-0.9239999999999999:0.26666666666666666
old accuracy=-0.9229999999999999:0.26666666666666666
old accuracy=-0.9219999999999999:0.26666666666666666
old accuracy=-0.9209999999999999:0.26666666666666666
old accuracy=-0.9199999999999999:0.26666666666666666
old accuracy=-0.9189999999999999:0.26666666666666666
old accuracy=-0.9179999999999999:0.26666666666666666
old accuracy=-0.9169999999999999:0.26666666666666666
old accuracy=-0.9159999999999999:0.26666666666666666
old accuracy=-0.9149999999999999:0.26666666666666666
old accuracy=-0.9139999999999999:0.26666666666666666
old accuracy=-0.9129999999999999:0.2688172043010753
old accuracy=-0.9119999999999999:0.2688172043010753
old accuracy=-0.9109999999999999:0.2709677419354839
old accuracy=-0.9099999999999999:0.2709677419354839
old accuracy=-0.9089999999999999:0.2709677419354839
old accuracy=-0.9079999999999999:0.2709677419354839
old accuracy=-0.9069999999999999:0.2709677419354839
old accuracy=-0.9059999999999999:0.2709677419354839
old accuracy=-0.9049999999999999:0.2709677419354839
old accuracy=-0.9039999999999999:0.2709677419354839
old accuracy=-0.9029999999999999:0.2709677419354839
old accuracy=-0.9019999999999999:0.2709677419354839
old accuracy=-0.9009999999999999:0.2731182795698925
old accuracy=-0.8999999999999999:0.2731182795698925
old accuracy=-0.8989999999999999:0.2731182795698925
old accuracy=-0.8979999999999999:0.2731182795698925
old accuracy=-0.8969999999999999:0.2731182795698925
old accuracy=-0.8959999999999999:0.2731182795698925
old accuracy=-0.8949999999999999:0.2731182795698925
old accuracy=-0.8939999999999999:0.2731182795698925
old accuracy=-0.8929999999999999:0.2731182795698925
old accuracy=-0.8919999999999999:0.2731182795698925
old accuracy=-0.8909999999999999:0.2731182795698925
old accuracy=-0.8899999999999999:0.2731182795698925
old accuracy=-0.8889999999999999:0.2731182795698925
old accuracy=-0.8879999999999999:0.2731182795698925
old accuracy=-0.8869999999999999:0.2731182795698925
old accuracy=-0.8859999999999999:0.2731182795698925
old accuracy=-0.8849999999999999:0.2731182795698925
old accuracy=-0.8839999999999999:0.2731182795698925
old accuracy=-0.8829999999999999:0.2731182795698925
old accuracy=-0.8819999999999999:0.2731182795698925
old accuracy=-0.8809999999999999:0.2731182795698925
old accuracy=-0.8799999999999999:0.2731182795698925
old accuracy=-0.8789999999999999:0.2731182795698925
old accuracy=-0.8779999999999999:0.2731182795698925
old accuracy=-0.8769999999999999:0.2731182795698925
old accuracy=-0.8759999999999999:0.2731182795698925
old accuracy=-0.8749999999999999:0.2731182795698925
old accuracy=-0.8739999999999999:0.2731182795698925
old accuracy=-0.8729999999999999:0.2731182795698925
old accuracy=-0.8719999999999999:0.2731182795698925
old accuracy=-0.8709999999999999:0.2731182795698925
old accuracy=-0.8699999999999999:0.2731182795698925
old accuracy=-0.8689999999999999:0.2731182795698925
old accuracy=-0.8679999999999999:0.2731182795698925
old accuracy=-0.8669999999999999:0.2731182795698925
old accuracy=-0.8659999999999999:0.2731182795698925
old accuracy=-0.8649999999999999:0.2731182795698925
old accuracy=-0.8639999999999999:0.2731182795698925
old accuracy=-0.8629999999999999:0.2731182795698925
old accuracy=-0.8619999999999999:0.2731182795698925
old accuracy=-0.8609999999999999:0.2731182795698925
old accuracy=-0.8599999999999999:0.2731182795698925
old accuracy=-0.8589999999999999:0.2731182795698925
old accuracy=-0.8579999999999999:0.2731182795698925
old accuracy=-0.8569999999999999:0.2731182795698925
old accuracy=-0.8559999999999999:0.2731182795698925
old accuracy=-0.8549999999999999:0.2731182795698925
old accuracy=-0.8539999999999999:0.2731182795698925
old accuracy=-0.8529999999999999:0.2731182795698925
old accuracy=-0.8519999999999999:0.2731182795698925
old accuracy=-0.8509999999999999:0.2731182795698925
old accuracy=-0.8499999999999999:0.2731182795698925
old accuracy=-0.8489999999999999:0.2731182795698925
old accuracy=-0.8479999999999999:0.2731182795698925
old accuracy=-0.8469999999999999:0.2731182795698925
old accuracy=-0.8459999999999999:0.2731182795698925
old accuracy=-0.8449999999999999:0.2731182795698925
old accuracy=-0.8439999999999999:0.2731182795698925
old accuracy=-0.8429999999999999:0.2731182795698925
old accuracy=-0.8419999999999999:0.2731182795698925
old accuracy=-0.8409999999999999:0.2731182795698925
old accuracy=-0.8399999999999999:0.2731182795698925
old accuracy=-0.8389999999999999:0.2731182795698925
old accuracy=-0.8379999999999999:0.2731182795698925
old accuracy=-0.8369999999999999:0.2731182795698925
old accuracy=-0.8359999999999999:0.2731182795698925
old accuracy=-0.8349999999999999:0.2731182795698925
old accuracy=-0.8339999999999999:0.2731182795698925
old accuracy=-0.8329999999999999:0.2731182795698925
old accuracy=-0.8319999999999999:0.2731182795698925
old accuracy=-0.8309999999999998:0.2731182795698925
old accuracy=-0.8299999999999998:0.2731182795698925
old accuracy=-0.8289999999999998:0.2731182795698925
old accuracy=-0.8279999999999998:0.2731182795698925
old accuracy=-0.8269999999999998:0.2731182795698925
old accuracy=-0.8259999999999998:0.2731182795698925
old accuracy=-0.8249999999999998:0.2731182795698925
old accuracy=-0.8239999999999998:0.2731182795698925
old accuracy=-0.8229999999999998:0.2731182795698925
old accuracy=-0.8219999999999998:0.2731182795698925
old accuracy=-0.8209999999999998:0.2731182795698925
old accuracy=-0.8199999999999998:0.2731182795698925
old accuracy=-0.8189999999999998:0.2731182795698925
old accuracy=-0.8179999999999998:0.2731182795698925
old accuracy=-0.8169999999999998:0.2731182795698925
old accuracy=-0.8159999999999998:0.2731182795698925
old accuracy=-0.8149999999999998:0.2731182795698925
old accuracy=-0.8139999999999998:0.2731182795698925
old accuracy=-0.8129999999999998:0.2731182795698925
old accuracy=-0.8119999999999998:0.2752688172043011
old accuracy=-0.8109999999999998:0.2752688172043011
old accuracy=-0.8099999999999998:0.2752688172043011
old accuracy=-0.8089999999999998:0.2752688172043011
old accuracy=-0.8079999999999998:0.2752688172043011
old accuracy=-0.8069999999999998:0.2752688172043011
old accuracy=-0.8059999999999998:0.2752688172043011
old accuracy=-0.8049999999999998:0.2752688172043011
old accuracy=-0.8039999999999998:0.2752688172043011
old accuracy=-0.8029999999999998:0.2752688172043011
old accuracy=-0.8019999999999998:0.2752688172043011
old accuracy=-0.8009999999999998:0.2752688172043011
old accuracy=-0.7999999999999998:0.2752688172043011
old accuracy=-0.7989999999999998:0.2752688172043011
old accuracy=-0.7979999999999998:0.2752688172043011
old accuracy=-0.7969999999999998:0.2752688172043011
old accuracy=-0.7959999999999998:0.2752688172043011
old accuracy=-0.7949999999999998:0.2752688172043011
old accuracy=-0.7939999999999998:0.2752688172043011
old accuracy=-0.7929999999999998:0.27741935483870966
old accuracy=-0.7919999999999998:0.27741935483870966
old accuracy=-0.7909999999999998:0.2795698924731183
old accuracy=-0.7899999999999998:0.2795698924731183
old accuracy=-0.7889999999999998:0.2795698924731183
old accuracy=-0.7879999999999998:0.2817204301075269
old accuracy=-0.7869999999999998:0.2817204301075269
old accuracy=-0.7859999999999998:0.2817204301075269
old accuracy=-0.7849999999999998:0.2817204301075269
old accuracy=-0.7839999999999998:0.2817204301075269
old accuracy=-0.7829999999999998:0.2817204301075269
old accuracy=-0.7819999999999998:0.2838709677419355
old accuracy=-0.7809999999999998:0.2838709677419355
old accuracy=-0.7799999999999998:0.2838709677419355
old accuracy=-0.7789999999999998:0.2838709677419355
old accuracy=-0.7779999999999998:0.2860215053763441
old accuracy=-0.7769999999999998:0.2860215053763441
old accuracy=-0.7759999999999998:0.2860215053763441
old accuracy=-0.7749999999999998:0.2860215053763441
old accuracy=-0.7739999999999998:0.2881720430107527
old accuracy=-0.7729999999999998:0.2881720430107527
old accuracy=-0.7719999999999998:0.2881720430107527
old accuracy=-0.7709999999999998:0.2881720430107527
old accuracy=-0.7699999999999998:0.2881720430107527
old accuracy=-0.7689999999999998:0.2881720430107527
old accuracy=-0.7679999999999998:0.2881720430107527
old accuracy=-0.7669999999999998:0.2903225806451613
old accuracy=-0.7659999999999998:0.2881720430107527
old accuracy=-0.7649999999999998:0.2881720430107527
old accuracy=-0.7639999999999998:0.2881720430107527
old accuracy=-0.7629999999999998:0.2881720430107527
old accuracy=-0.7619999999999998:0.2881720430107527
old accuracy=-0.7609999999999998:0.2881720430107527
old accuracy=-0.7599999999999998:0.2881720430107527
old accuracy=-0.7589999999999998:0.2881720430107527
old accuracy=-0.7579999999999998:0.2881720430107527
old accuracy=-0.7569999999999998:0.2881720430107527
old accuracy=-0.7559999999999998:0.2881720430107527
old accuracy=-0.7549999999999998:0.2903225806451613
old accuracy=-0.7539999999999998:0.2903225806451613
old accuracy=-0.7529999999999998:0.2903225806451613
old accuracy=-0.7519999999999998:0.2903225806451613
old accuracy=-0.7509999999999998:0.2903225806451613
old accuracy=-0.7499999999999998:0.2881720430107527
old accuracy=-0.7489999999999998:0.2881720430107527
old accuracy=-0.7479999999999998:0.2881720430107527
old accuracy=-0.7469999999999998:0.2881720430107527
old accuracy=-0.7459999999999998:0.2881720430107527
old accuracy=-0.7449999999999998:0.2860215053763441
old accuracy=-0.7439999999999998:0.2860215053763441
old accuracy=-0.7429999999999998:0.2860215053763441
old accuracy=-0.7419999999999998:0.2860215053763441
old accuracy=-0.7409999999999998:0.2860215053763441
old accuracy=-0.7399999999999998:0.2860215053763441
old accuracy=-0.7389999999999998:0.2860215053763441
old accuracy=-0.7379999999999998:0.2860215053763441
old accuracy=-0.7369999999999998:0.2860215053763441
old accuracy=-0.7359999999999998:0.2860215053763441
old accuracy=-0.7349999999999998:0.2860215053763441
old accuracy=-0.7339999999999998:0.2860215053763441
old accuracy=-0.7329999999999998:0.2860215053763441
old accuracy=-0.7319999999999998:0.2860215053763441
old accuracy=-0.7309999999999998:0.2860215053763441
old accuracy=-0.7299999999999998:0.2860215053763441
old accuracy=-0.7289999999999998:0.2860215053763441
old accuracy=-0.7279999999999998:0.2860215053763441
old accuracy=-0.7269999999999998:0.2860215053763441
old accuracy=-0.7259999999999998:0.2860215053763441
old accuracy=-0.7249999999999998:0.2860215053763441
old accuracy=-0.7239999999999998:0.2860215053763441
old accuracy=-0.7229999999999998:0.2860215053763441
old accuracy=-0.7219999999999998:0.2860215053763441
old accuracy=-0.7209999999999998:0.2860215053763441
old accuracy=-0.7199999999999998:0.2860215053763441
old accuracy=-0.7189999999999998:0.2860215053763441
old accuracy=-0.7179999999999997:0.2860215053763441
old accuracy=-0.7169999999999997:0.2881720430107527
old accuracy=-0.7159999999999997:0.2881720430107527
old accuracy=-0.7149999999999997:0.2881720430107527
old accuracy=-0.7139999999999997:0.2881720430107527
old accuracy=-0.7129999999999997:0.2881720430107527
old accuracy=-0.7119999999999997:0.2903225806451613
old accuracy=-0.7109999999999997:0.2903225806451613
old accuracy=-0.7099999999999997:0.2903225806451613
old accuracy=-0.7089999999999997:0.2903225806451613
old accuracy=-0.7079999999999997:0.2903225806451613
old accuracy=-0.7069999999999997:0.2903225806451613
old accuracy=-0.7059999999999997:0.2903225806451613
old accuracy=-0.7049999999999997:0.2903225806451613
old accuracy=-0.7039999999999997:0.29247311827956995
old accuracy=-0.7029999999999997:0.29247311827956995
old accuracy=-0.7019999999999997:0.29462365591397854
old accuracy=-0.7009999999999997:0.29462365591397854
old accuracy=-0.6999999999999997:0.29462365591397854
old accuracy=-0.6989999999999997:0.29462365591397854
old accuracy=-0.6979999999999997:0.29677419354838713
old accuracy=-0.6969999999999997:0.29677419354838713
old accuracy=-0.6959999999999997:0.29677419354838713
old accuracy=-0.6949999999999997:0.29677419354838713
old accuracy=-0.6939999999999997:0.29677419354838713
old accuracy=-0.6929999999999997:0.3010752688172043
old accuracy=-0.6919999999999997:0.30322580645161296
old accuracy=-0.6909999999999997:0.30322580645161296
old accuracy=-0.6899999999999997:0.30322580645161296
old accuracy=-0.6889999999999997:0.30537634408602155
old accuracy=-0.6879999999999997:0.30537634408602155
old accuracy=-0.6869999999999997:0.30537634408602155
old accuracy=-0.6859999999999997:0.30537634408602155
old accuracy=-0.6849999999999997:0.30537634408602155
old accuracy=-0.6839999999999997:0.30537634408602155
old accuracy=-0.6829999999999997:0.30537634408602155
old accuracy=-0.6819999999999997:0.30537634408602155
old accuracy=-0.6809999999999997:0.30537634408602155
old accuracy=-0.6799999999999997:0.30752688172043013
old accuracy=-0.6789999999999997:0.30752688172043013
old accuracy=-0.6779999999999997:0.30752688172043013
old accuracy=-0.6769999999999997:0.30752688172043013
old accuracy=-0.6759999999999997:0.30752688172043013
old accuracy=-0.6749999999999997:0.30752688172043013
old accuracy=-0.6739999999999997:0.30752688172043013
old accuracy=-0.6729999999999997:0.30752688172043013
old accuracy=-0.6719999999999997:0.30752688172043013
old accuracy=-0.6709999999999997:0.3096774193548388
old accuracy=-0.6699999999999997:0.3096774193548388
old accuracy=-0.6689999999999997:0.3096774193548388
old accuracy=-0.6679999999999997:0.3096774193548388
old accuracy=-0.6669999999999997:0.31612903225806466
old accuracy=-0.6659999999999997:0.31612903225806466
old accuracy=-0.6649999999999997:0.31612903225806466
old accuracy=-0.6639999999999997:0.31612903225806466
old accuracy=-0.6629999999999997:0.31612903225806466
old accuracy=-0.6619999999999997:0.31612903225806466
old accuracy=-0.6609999999999997:0.31612903225806466
old accuracy=-0.6599999999999997:0.31827956989247325
old accuracy=-0.6589999999999997:0.31827956989247325
old accuracy=-0.6579999999999997:0.31827956989247325
old accuracy=-0.6569999999999997:0.31827956989247325
old accuracy=-0.6559999999999997:0.31827956989247325
old accuracy=-0.6549999999999997:0.31827956989247325
old accuracy=-0.6539999999999997:0.31827956989247325
old accuracy=-0.6529999999999997:0.31827956989247325
old accuracy=-0.6519999999999997:0.31827956989247325
old accuracy=-0.6509999999999997:0.31827956989247325
old accuracy=-0.6499999999999997:0.31827956989247325
old accuracy=-0.6489999999999997:0.32043010752688184
old accuracy=-0.6479999999999997:0.32043010752688184
old accuracy=-0.6469999999999997:0.32043010752688184
old accuracy=-0.6459999999999997:0.32043010752688184
old accuracy=-0.6449999999999997:0.3225806451612904
old accuracy=-0.6439999999999997:0.3225806451612904
old accuracy=-0.6429999999999997:0.31827956989247325
old accuracy=-0.6419999999999997:0.31827956989247325
old accuracy=-0.6409999999999997:0.31827956989247325
old accuracy=-0.6399999999999997:0.31827956989247325
old accuracy=-0.6389999999999997:0.32043010752688184
old accuracy=-0.6379999999999997:0.32043010752688184
old accuracy=-0.6369999999999997:0.32043010752688184
old accuracy=-0.6359999999999997:0.32043010752688184
old accuracy=-0.6349999999999997:0.32043010752688184
old accuracy=-0.6339999999999997:0.32043010752688184
old accuracy=-0.6329999999999997:0.32043010752688184
old accuracy=-0.6319999999999997:0.32043010752688184
old accuracy=-0.6309999999999997:0.32043010752688184
old accuracy=-0.6299999999999997:0.32043010752688184
old accuracy=-0.6289999999999997:0.32043010752688184
old accuracy=-0.6279999999999997:0.32043010752688184
old accuracy=-0.6269999999999997:0.32043010752688184
old accuracy=-0.6259999999999997:0.32043010752688184
old accuracy=-0.6249999999999997:0.32043010752688184
old accuracy=-0.6239999999999997:0.3225806451612904
old accuracy=-0.6229999999999997:0.3225806451612904
old accuracy=-0.6219999999999997:0.3225806451612904
old accuracy=-0.6209999999999997:0.3225806451612904
old accuracy=-0.6199999999999997:0.3225806451612904
old accuracy=-0.6189999999999997:0.3225806451612904
old accuracy=-0.6179999999999997:0.3225806451612904
old accuracy=-0.6169999999999997:0.3225806451612904
old accuracy=-0.6159999999999997:0.3225806451612904
old accuracy=-0.6149999999999997:0.3225806451612904
old accuracy=-0.6139999999999997:0.3225806451612904
old accuracy=-0.6129999999999997:0.3225806451612904
old accuracy=-0.6119999999999997:0.3225806451612904
old accuracy=-0.6109999999999997:0.3225806451612904
old accuracy=-0.6099999999999997:0.3225806451612904
old accuracy=-0.6089999999999997:0.3225806451612904
old accuracy=-0.6079999999999997:0.3225806451612904
old accuracy=-0.6069999999999997:0.3225806451612904
old accuracy=-0.6059999999999997:0.3225806451612904
